1.4993388636107676
1.6148398611442893
1.4887426978545937
1.714173786538953
1.59467095032071
1.6077759758233587
1.6470825423939712
1.5293759922727461
1.7061423573178351
1.7539852712592308
1.5757724800502928
1.5952712305362735
1.524185951181196
1.7027477793542638
1.685130790278332
1.6581411542859392
1.6242580441217727
1.5592152227899305
1.4054119990035552
1.665351033457656
1.7758445528526785
1.4930144211746947
1.665673305147325
1.650086622506612
1.54018609246948
1.687064978450455
1.5676120796481408
1.5864270707353247
1.547526909806449
1.6242582252201163
1.543074935196605
1.6143048182403414
1.5903421543811196
1.832837892893274
1.634048162120435
1.7419766720513572
1.6831211441752056
1.694505041281842
1.7534121782103846
1.5904226662284535
1.6785612353447519
1.597637214218333
1.7100216472221472
1.528009306221693
1.5287320911157072
1.5590128842084
1.6568133445486943
1.6660595729838932
1.6848267825196974
1.885905307667126
1.7007899157160704
1.737566700276993
1.6793647278289583
1.7376838913359187
1.653451417185515
1.3791168774152847
1.8451378410425026
1.658857494608958
1.6634680985777746
1.6789829089478345
1.5909169707689965
1.549345261363113
1.7246268738115202
1.640012936700904
1.690590555647783
1.5490036332674157
1.47516917658808
1.611183440225855
1.6461825622934914
1.746434063893434
1.7383421949030164
1.7101942631099685
1.594324672663556
1.604266188232494
1.4953449800836145
1.6469434343443599
1.600179723334221
1.6149069519413328
1.828672950120308
1.6651439251110536
1.6933234445414673
1.609905650092029
1.7290771574072086
1.7171181110422888
1.5814045373954713
1.6209653050134682
1.7365243478626227
1.5222012707875145
1.5655414146241622
1.4293699139428706
1.568169085256232
1.6263713299739606
1.6270266781597382
1.6424072613368093
1.6565445812128448
1.6454412544766792
1.7207624067969103
1.7080843995232162
1.6414364671276769
1.721270147553668
1.8690905996666398
1.6093421509322738
1.4585330953705626
1.7285552709153074
1.5373160927693132
1.6310864896949826
1.6093974143168446
1.5475592812503196
1.619416468887038
1.552850064452165
1.5428126333902314
1.5971046948950955
1.6737509216936963
1.5242383509123543
1.858160060551778
1.5813647330028777
1.6902594774591304
1.6703306938494265
1.6651363840702367
1.6930424198986895
1.5413511921120169
1.5684763170768579
1.7796201323438325
1.8303604302073744
1.6077196235318159
1.8399897080632097
1.7382710432216277
1.8638546479195774
1.5195564492949658
1.809901497844765
1.6313859472280228
1.6413654765554782
1.9432775569825966
1.717018101866962
1.6643642821291773
1.6875484370679235
1.6376408644837308
1.6707987921598892
1.6675932086113048
1.621698961478979
1.5896642120222917
1.5657042826867031
1.5805739142534478
1.7581976363606486
1.7049451392987254
1.6134722239951702
1.6407322434662448
1.5487220794656202
1.684420711471893
1.6749112003430215
1.7152598517272615
1.7179662307226498
1.5469404291862898
1.8050610577147812
1.739211549415856
1.5353628152176682
1.6084993481549048
1.4521794778392068
1.7671788907941042
1.7947741618587625
1.8614436942902226
1.7350429673790344
1.5553587650542142
1.7682807814460726
1.7294995009116012
1.514662485123851
1.6849531684515102
1.6120252411121758
1.7948123373084972
1.751063531993951
1.507839601302014
1.6871862743308053
1.6404624947097954
1.4916106300508338
1.731680258264533
1.747946881213919
1.722370126740019
1.559627044224785
1.7427478241864336
1.51294936217837
1.6903482063772075
1.8170500754936998
1.8489010378990607
1.8754178919142728
1.6816719140402234
1.64460609223255
1.6162968689689987
1.7736169598509643
1.4636106777839006
1.5768640201488542
1.9195042335848513
1.7483562718848493
1.6927501431452292
1.7107563869125713
1.7882193471986754
1.6544459957858664
1.706459917225379
1.6600839924174604
1.6616973328160427
1.6955877737686975
1.6574494685471937
1.6015483561388266
1.5784489022690615
1.7581509966718827
1.6629901517262287
1.564006259482078
1.4277161364900048
1.8319403277453155
1.8577371370284275
1.6429212082556184
1.6908802137586245
1.7091629316098558
1.6917239498686096
1.601732305993902
1.5441015710103885
1.6133214418180433
1.678140121821496
1.604301196682075
1.7696516352824356
1.6691641652634346
1.685843079123747
1.7076130705226429
1.6578741693647079
1.5603076988311186
1.8917612432036872
1.7003627655816047
1.8125682749367829
1.4648115852951349
1.5907227293789772
1.6802047114441205
1.7530480025419162
1.7437130116164254
1.775571017508819
1.7106217788766738
1.669030316246469
1.45456396630385
1.8039539344403117
1.621557188096099
1.634318798686325
1.6425319275414527
1.622241618660952
1.7883573452729948
1.6454297200334742
1.7609204812945312
1.6354528114208904
1.569020005902113
1.747997155884811
1.5731424377294334
1.7193167817302843
1.6267748098598473
1.6669353357932781
1.688095077330091
1.5953918296395382
1.5830941448094218
1.750785828682919
1.4976651079867516
1.6826638776346658
1.8234596538011076
1.4799267086595145
1.6131181473509415
1.5898391303084045
1.9893293605869466
1.8314632232448425
1.4978251121615906
1.8077716037551537
1.4949902653121565
1.8901376040218245
1.7155024526079745
1.5269920755667665
1.7066356706145362
1.7663395174000651
1.714784309243233
1.8504568584875052
1.3557571227863283
1.7107064664371598
1.68513898971724
1.704600323242115
1.6290798461309095
1.5799180926928098
1.7370710675955803
1.7540003772826722
1.745859595109477
1.6713674045328255
1.640507938302251
1.7477955829497123
1.6715774434927357
1.6902914617353357
1.6541950005543722
1.6543870161216323
1.6715230199406559
1.8649598141607338
1.7838016910345549
1.6496014426133656
1.758184745985003
1.7822595719537642
1.6414321406438586
1.7242038720638266
1.6293833039669292
1.6692830480366396
1.5870852550952963
1.6898513446845271
1.6941526589088003
1.7235437250677283
1.6438151371296421
1.8893507903975109
1.6647879881764456
1.775617668724804
1.6534819565109262
1.7733546853708702
1.6034240746820345
1.9221482740406663
1.9125998174631698
1.6509177429054813
1.469812793791864
1.4948060999868789
1.6396074924412443
1.7190343901793785
1.5836627173512494
1.7547328346564786
1.6378137836074018
1.6726737723861311
1.7051023757915797
1.562669492604297
1.665152882071823
1.7347214269562194
1.7190371525454882
1.699305805779645
1.7343490369188281
1.705941981498512
1.7254866273122844
1.7761092944428523
1.6553746633455968
1.5559703422264453
1.6823827473224628
1.5860344936896926
1.7231152713470155
1.7775110278199655
1.6951585045938615
1.6412383829147466
1.6568784311855045
1.7817642906796867
1.7019920731615286
1.7090058291746686
1.6512826780100571
1.8348943961865483
1.851227538051176
1.6152600467637366
1.6852471415494659
1.5806198689310358
1.6534955204593367
1.6414412960389921
1.6073829186748232
1.65418161388754
1.715184254693576
1.651535862945416
1.7002141501791552
1.7095493728142166
1.5880266958653473
1.6751340942262911
1.6027778634828003
1.6290013170151472
1.5921463387950519
1.7398522303771742
1.707479286684092
1.7102430124295396
1.8814499539927136
1.7189018257756274
1.720646480489298
1.7049836364156228
1.671169068243124
1.7330514622404896
1.830446474370388
1.8578109701572163
1.6428570043513187
1.7179382450246397
1.6585755600263332
1.575869477822098
1.6062767897737174
1.67157270244697
1.6274218509288052
1.6625184807157662
1.4574418808638898
1.593464872421348
1.7888602938964184
1.7857199850291725
1.6447391822426412
1.560843403450253
1.6558712280104597
1.6675152867272467
1.5697630101541131
1.7740771451760746
1.7143335261296575
1.663870904521389
1.7771584164559293
1.648495511843187
1.6356778440882038
1.9582324457227287
1.5469441813966667
1.7834100270035926
1.6694918381109294
1.6113508809014239
1.5671340153273727
1.7508793490980321
1.6000618717840105
1.8422149842044788
1.639157854271792
1.5824530661322704
1.6928603512344935
1.673757654474862
1.7807043875674293
1.5969287192571406
1.7008037398623173
1.5981910067147636
1.7110264834426119
1.7225152514159838
1.7656315736309878
1.6903801481708254
1.7208842659852894
1.7899157594181734
1.6785330919625885
1.779685449413849
1.793325889167503
1.695351000453265
1.6738435407662338
1.758476027424594
1.6504386575826533
1.6630986941876411
1.772873268924953
1.6786962619517063
1.6876633932611997
1.7382396523953374
1.5753847607466365
1.7485464846086678
1.7273062338316738
1.8231764310261862
1.763348266117169
1.6300765580045944
1.5939658966419405
1.7292894765517945
1.9313616161413443
1.9523205338700031
1.688593579942442
1.6720701074410438
1.6662909612692296
1.5508058872977437
1.6222692283340023
1.840843225231355
1.845379600630027
1.7658058230786131
1.5733748476957425
1.6939827153396347
1.8378404169077285
1.6589921988571716
1.7721373212178064
1.6291563340907864
1.7152733744404685
1.6644946899299125
1.6335736939867875
1.415280042039687
1.6587510793903657
1.749746887703333
1.791946706873862
1.9684896833187662
1.6503136082200243
1.5770729667848677
1.6715469247302164
1.827695879458501
1.5928653230273704
1.7622199276755357
1.6446586508797847
1.83162546872571
1.7047815604724506
1.5911107669960614
1.7167740480671796
1.5958576674687002
1.6253635155065738
1.690201499205121
1.5495089858466324
1.746810474573343
1.6369482908678357
1.757449381905941
1.6525380689744682
1.5968364129738648
1.5736643384954845
1.6695582897037284
1.7256727071425069
1.7708541459791103
1.8119896674181344
1.619822567955977
1.6921586270458484
1.8951471081614604
1.747311356464876
1.7036018504559203
1.69790323201421
1.8583060187969114
1.6608714613336422
1.759688628808626
1.6014865673567662
1.5941165183475245
1.755612044895815
1.7185733634202864
1.6497977591856408
1.6836699413704141
1.3916601477110697
1.8808853997977124
1.4464029038797197
1.6416735508430969
1.8532441136182816
1.6329558371577328
1.6622588629510364
1.677111641291892
1.670919733325939
1.7825705646837715
1.571739016896845
1.7626427460419873
2.0112846548333603
1.7257603722167159
1.8325670015434512
1.8340067907914346
1.7232376108360057
1.7129215838883494
1.6984294570548806
1.7353409022692694
1.5696377959882306
1.7076806629181278
1.674625792484348
1.636684330952546
1.624436547439418
1.7050282552012503
1.882337510227814
1.7360500935915186
1.9437781355729649
1.5728871028372844
1.7033080058428827
1.7643944547627526
1.477726376101876
1.8031609340647503
1.6649360451954247
1.8795431590820264
1.7058955699943148
1.6204312713621671
1.660392877110428
1.7246470092544857
1.798590503019404
1.9342098049979195
1.9690644819346546
1.6618072989583819
2.004908962227834
1.71663967582901
1.7118876316533593
1.705885657220805
1.7208702236848683
1.7928150762329191
1.8859471093219191
1.7461944987138824
1.9265706072945306
1.7018396035473642
1.61778757461311
1.7303856319309332
1.6791782930532626
1.7169412631864525
2.019814429897245
1.7966566904754628
1.772851640321371
1.7169885766007014
1.7286035346370543
1.724201527113927
1.700518345332685
1.6277202950138203
2.043224425114123
1.6830141752525578
1.7438684939967835
1.6515032710522728
1.6849823328796156
1.767913793895349
1.8739998863776954
1.7476546089611678
1.781061405659564
1.5882400183984222
1.67622997081618
1.7900170759839416
1.676582961239261
1.7988082343497236
1.7441071082003223
1.7350554410620709
1.790111161755823
1.707416528122446
1.5309072167881228
1.8953661789136909
1.6716299511749788
1.6823164220092253
1.6579755727013548
1.660463788900581
1.7234201962329165
1.7226438562044604
1.7901482493181415
1.7415112688424994
1.726164587220128
1.6188596938312176
1.6957103287764643
1.7374602148644889
1.6875144080387
1.6232850191380042
1.7524630722943069
1.512409792597249
1.755213529609795
1.8011399493850966
1.5869710536377748
1.8294435450780813
1.6022139585374433
1.7283900454591123
1.793497916778641
1.7638047495332576
1.7328548317542072
1.7806204814434619
1.7288889019695695
1.7528980481519814
1.6492479582238975
1.633132347650789
1.6622488747344488
1.7457204791276137
1.825023912523045
1.7895955880497354
1.6624601478132042
1.5617001307447487
1.8115465048238146
1.8286653633937493
1.723689234033611
1.7490698337314274
1.5999488730893563
1.7219566682665797
1.671170127157128
1.8439891531830377
1.693815803338103
1.6861616337767547
1.6759148255632454
1.8863513237782552
1.6398681419757637
1.7753162313236772
1.741105879262437
1.5010894631513598
1.5345119567766439
1.6908820598463024
1.6662749268591792
1.6990091480985803
1.6401212971005967
1.7433524886534297
1.9704038255566096
1.8153018236852898
1.638349609464795
1.9808333938880036
1.696607351963331
1.647950604506621
1.664630774332418
1.6316614874004034
1.6465060432358012
1.605424116832117
1.6913744147934036
1.8288809252191272
1.7652612109332881
1.6323359775177981
1.672619724733907
1.507183369524538
1.7048188689873942
1.8430664335860112
1.6597278640506172
1.5720105681167293
1.7980969191811234
1.697939603263395
1.7447391656622642
1.639809802949258
1.630679587948724
1.7819320156432095
1.6092567385230758
1.804779635590154
1.7025639595532502
1.780248853497579
1.6317502554919376
1.6979007226959761
1.7268608536370458
1.767760721492479
1.6403599780201006
1.6631723127876434
1.6919187939324143
1.6927259428059696
1.6953406574628285
1.7754497286642823
1.6656279228634658
1.5973881002569776
1.6741900462059855
1.6423334769696776
1.7390697003446405
1.6993109730271718
1.6992851510572553
1.7466562820973575
1.6194020678168066
1.7043952420433794
1.7862991686980272
1.6425601172631097
1.6744953802311844
1.7699012059716952
1.6021324842576203
1.858907797925412
1.9185751067417864
1.767053828345718
1.6011434625400724
1.757796148808885
1.6154949084212984
1.6707433887238203
1.5688571207009097
1.6362259817130884
1.4670329550948373
1.8303186205558035
1.7021968641777583
1.6735041913815079
1.7506961356608421
1.6300285902570597
1.7278284842075038
1.707574866138008
1.7083759559486045
1.6300789715994957
1.7343214520535883
1.5825525554937676
1.7713124106958513
1.6327450290078551
1.858097470432817
1.6076824302648174
1.7167368955659303
1.6092297771258355
1.7770763495475692
1.702645743959089
1.6504204841700028
1.7787641483290624
1.6994046986852112
1.4623369270473128
1.766924086002361
1.7230448133529817
1.684331665041133
1.6574780847820136
1.6088220370121147
1.6766517466869453
1.5225675054919343
1.6742987609847326
1.7094945783550184
1.7530176948102845
1.5840252282459395
1.4939944256664406
1.71154392165132
1.7859151059460956
1.6006240694857596
1.5992914412580197
1.6560495319409827
1.7379974907921991
1.5310337963238285
1.7306948288279105
1.7610858482649754
1.6596282288051973
1.8411915426253151
1.7283876691983782
1.7511653698682086
1.7451339559706163
1.6936328330416281
1.8416983544175245
1.627153961137871
1.6853151889811246
1.5864616234601852
1.706094103046063
1.6703660310315354
1.7218990076360239
1.5872937379421104
1.5915435264048692
1.801368978151535
1.7762262497001018
1.8437313880738384
1.5220804886080515
1.6708644827353687
1.6814735400626506
1.8712999025122474
1.7414053799208695
1.7157489726418347
1.761110398668992
1.8173571149697516
1.671335212498441
1.576841958295509
1.9505544226313627
1.6859933510499343
1.6793398785155056
1.6512656381291457
1.5905592507194404
1.5499590644504126
1.6440006622290047
1.6038171608034475
1.8063204081816782
1.7974946893267874
1.5986598140289687
1.5867066983355154
1.746288050632089
1.6947955114490327
1.6882838903051318
1.7757998088173874
1.729309302869611
1.6112420557923048
1.7501693103254534
1.7185165569118617
1.625253020675784
1.8914313436751367
1.7170581954479567
1.727400269886921
1.7909654919826425
1.843944074212957
1.7558173092214981
1.7723972294844081
1.6407844921419297
1.7427644742513277
1.7520627717013297
1.4301589689200667
1.8734609339561985
1.7360958734119598
1.8149334753663378
1.6491674923601305
1.710607886134864
1.7737508933011263
1.788117027183653
1.618610663096438
1.7770040243713503
1.4458720882629854
1.5613563244425914
1.6937186141950982
1.6756928931395447
1.7177666750560738
1.7677496213380135
1.6690229541150194
1.637087300708912
1.6620455049149445
1.6743497280159194
1.5940650459387333
1.7478839345159733
1.7709600455110266
1.7153261162232496
1.7606954897740728
1.7499074409022612
1.6170128413760712
1.7201263104097098
1.523656839352534
1.8412692792159706
1.804579526632421
1.652258406204679
1.6727341638756315
1.5988893346727517
1.745844384355537
1.6937175066448564
1.7375739905753946
1.6952954678056273
1.5908367568191146
1.6539789689313789
1.7188175904586909
1.6257553258894948
1.6266720073660061
1.702373241100005
1.8043567208327467
1.5565372108165014
1.579871250569123
1.60900711154128
1.6937095075147677
1.655906621285234
1.587137108297537
1.7020471626851006
1.6356983235257114
1.4862141296890916
1.616449244958364
1.6666266218283003
1.799046290942205
1.4839950990842934
1.6954857485814443
1.583649912243542
1.6469298858430288
1.42634533868116
1.5556487565500836
1.6128735904035103
1.5012762902598975
1.7398001402539354
1.5757904036929855
1.6017465636916786
1.6266788003477284
1.4292620222856596
1.4776088822386686
1.6755742687444186
1.6248615104748443
1.8162238457441577
1.6471820662484646
1.7742693605837576
1.7275554448756183
1.6727995430405536
1.6689400776998735
1.387508000966151
1.5739102186133118
1.6308771069062087
1.6713939712182289
1.6460303795947255
1.4406189133714133
1.6479067755121115
1.6929587050766586
1.5663873272159805
1.520633906082346
1.4680372026597586
1.5953852034133051
1.618155287233526
1.5303580568076813
1.61734887233279
1.6772451744182668
1.602830395774684
1.5761116172558411
1.68604870818672
1.6168667700290875
1.5433090178607416
1.6132983160261307
1.6175241433335976
1.5566204275303674
1.6276119752547966
1.5813528593647073
1.7615065207404803
1.715158710996349
1.741648212410564
1.6205409263412835
1.4550951414360482
1.533766956244285
1.6227166804086643
1.55014623235391
1.6119778078611442
1.3804258874123443
1.3943465237559827
1.6171411855234
1.5507904179027974
1.575338481007692
1.5074985435588488
1.4286180764954075
1.689107386800119
1.644134247166047
1.6484842636467512
1.4743485565137404
1.41603995653832
1.4467414775654621
1.2675306174367744
1.3580395163781886
1.5909978806551328
1.6766515621843923
1.676045502041779
1.6552857170373383
1.7717643153425207
1.643945877355429
1.5955142723684121
1.6728237390563798
1.5661754205253051
1.6354195768670519
1.2028019513607342
1.6590039090758886
1.529751055267075
1.575750057599056
1.455704069425696
1.757393256719298
1.66539650509986
1.6117982352685165
1.6381890058094477
1.3943834241059763
1.6450572588549928
1.5604869864254496
1.6471200669798907
1.3581244165048454
1.4895952946145883
1.5956576482730056
1.3694634866226087
1.7302909706109926
1.6875923411823492
1.668933041734676
1.6148006794828256
1.3958915863180574
1.7387486559503067
1.643830052271215
1.5317793037760312
1.6869393267089525
1.3271507975884658
1.4427253145126648
1.8647574041943167
1.6577610289740239
1.538220273880666
1.36504188874332
1.7981949528875938
1.687060974152183
1.4607732636519282
1.6047866854013655
1.7636998027171014
1.5431917549331406
1.811837407372364
1.7124325533008413
1.811084229615335
1.6362352791682593
1.6647324126569196
1.3123097367523684
1.8559041096284399
1.5313294717646335
1.6393043232799918
1.3669884824536533
1.556309091700692
1.6556460076063142
1.8179531380428948
1.2529414054178534
1.3483574612441058
1.5176777917580497
1.6117772091709797
1.584201275342369
1.455788334895287
1.3949848491827352
1.7646205523802785
1.8426719566539493
1.3407617403975896
1.6770362741625366
1.8096050244131408
1.57733507394
1.4923710128929435
1.6938649786763882
1.7714912501836053
1.7328968495193322
1.5830013215639795
1.6139625078825044
1.5053778164940241
1.4626939418821505
1.5145245028443903
1.5848829334092824
1.6340660747147044
1.6693395588005402
1.3643480757437387
1.6363031956328133
1.5502589850284962
1.6102343668959
1.3970913284181465
1.555092724743365
1.4869613402978517
1.5665951287478712
1.6227508806644682
1.2714015518615591
1.912845483108462
1.5164013216282206
1.5389651521560423
1.6637277000341353
1.8207141192926302
1.5574507161621356
1.7470296889573902
1.652175047693791
1.6065717296698527
1.3575246652115778
1.5965621877374008
1.4812897888824363
1.6579858891802695
1.655406829781184
1.4913938243005165
1.6770459912190625
1.5042507247744423
1.683522304902192
1.71693516944054
1.4586794758620996
1.5213007643637542
1.4871360915472922
1.6470673212763465
1.5606027770966344
1.5772571085594433
1.5221735083335657
1.4534845683116153
1.559383487300762
1.6495174707264162
1.4288627477043068
1.6443211536812345
1.3399148583656686
1.7434410356141938
1.4506155546693447
1.6003935158316007
1.613833475115981
1.6152273383377007
1.5555967627845384
1.6722911984094762
1.4739882157200672
1.5915667742140784
1.6674424275811668
1.6513020470780784
1.5120012267961056
1.6394105126813898
1.7301991133563657
1.6003515063284854
1.4960981925111674
1.6987833127051641
1.568744750209801
1.4973557830300703
1.5997927206256066
1.5883306605353773
1.6485983842038987
1.6473293246444531
1.4423888887343952
1.6837213450329316
1.7083243577885106
1.4371902312660487
1.707117673196803
1.542330364630452
1.3183882455277165
1.6606271458759507
1.6963564080605977
1.5897137718919359
1.3882443252456043
1.6136973491331315
1.6252292380017153
1.5778751428537965
1.6635675756537414
1.5724709418719605
1.6985353504173155
1.4768792632211887
1.4682213862250746
1.351454452624678
1.5019730654635164
1.3612860225481522
1.3787170281271632
1.52560326289908
1.740833482052098
1.5973134263574182
1.55748222919363
1.5831660852067826
1.5671141997896454
1.5834698682716335
1.5703471875616857
1.759780646120681
1.5021567740786648
1.6627238614128612
1.5459834629126188
1.3654986169407646
1.6395986117839354
1.7848237308315895
1.5956889153974747
1.5598170978403725
1.343135876154062
1.7546456492143114
1.5624990543175925
1.6225787216484249
1.526909694679034
1.5273597482212375
1.5263556561057923
1.6847929287564711
1.818974209140094
1.6529183608341504
1.5430089312787283
1.5326517026054847
1.5050548044103604
1.73580935464518
1.511303125800008
1.4966322320103653
1.6980075655105082
1.4607492527285115
1.5891327594412004
1.6696857386264017
1.4858574622625895
1.5505185571119933
1.6757839556863334
1.5138991556362302
1.4740972007398692
1.6610574448533693
1.5174012181542271
1.5508659452139888
1.5681086968676874
1.779238744162208
1.5898426366911556
1.6230844547019943
1.585424842447339
1.5748513950264702
1.5715758193671157
1.4910105024407494
1.6264132889495966
1.6053011011642808
1.6826983395567772
1.490362601657321
1.5887582802778275
1.5217231269740163
1.6168304352563492
1.3365625719757452
1.7083517325434419
1.4887803932017694
1.5819082115279968
1.6099885223691142
1.5314450296970874
1.5951422477463129
1.6652869368106895
1.4302797919007821
1.5398323484143925
1.5767663483222931
1.5029702039652737
1.5924116785987552
1.4049432831869955
1.51434948271189
1.332000039221732
1.5896453308535918
1.5419647518301323
1.5346899053719194
1.4791637530683859
1.6409057792883164
1.5935773055603044
1.597935827968731
1.6336669218714228
1.5426605015507295
1.4843757041352614
1.5039910824527332
1.5640463189931784
1.4491502822411904
1.6488411774922622
1.6043080549304374
1.6820635587631803
1.5139126535098044
1.5696444349820238
1.5477517364578615
1.6108589369416504
1.5252685174944323
1.5994677297173603
1.7218225914421392
1.4072679544717894
1.501696615205233
1.4823425292821677
1.608341765788984
1.4325561858536888
1.5089199341820965
1.3919333435825787
1.4085709594865923
1.6245674569578739
1.5070851461396382
1.5585708939761524
1.3804205153530753
1.8269987003835475
1.5303074869893467
1.7048591956477224
1.4736103284129618
1.53279572933616
1.6517240203877308
1.5861207728729756
1.6314277022776764
1.4880696786419383
1.6015556432043052
1.4032899210192291
1.7985146434305221
1.6081412321777602
1.2886264246241796
1.47176971540073
1.5936220494764834
1.3680724087971365
1.667809355002412
1.5183598366098114
1.5709546698677808
1.4542967741463546
1.767203230173249
1.5834946195252244
1.6797711864647387
1.8572225501548245
1.5642752888831204
1.6022117202269315
1.6013517639816865
1.7503729864736486
1.5400825617132523
1.5897666395466028
1.3352126791300702
1.6994861378696264
1.6036733661588585
1.5878405382818686
1.6646071994907736
1.5906910685995057
1.4958988466787546
1.5066248758213516
1.585097098709817
1.7540662098335893
1.5948801391835299
1.5529678904612072
1.6452490235790074
1.4468061244101367
1.4918281998402454
1.5364366655620925
1.6073369531515393
1.2903545209262686
1.778084852972467
1.7527321233648538
1.3397952920094063
1.5793713242001024
1.7526753833487194
1.7656707910960177
1.5492583549353358
1.590707246548577
1.7541922024818515
1.5594816089493817
1.977689276811781
1.6270586875734796
1.495276584363201
1.6728471130656906
1.7132438318301983
1.7023509851897614
1.527753287269292
1.6488339154927973
1.3242814609958231
1.842168313425855
1.5779789543866192
1.7080217498859664
1.6270586935850904
1.8132191044271653
1.4720198884767999
1.6570029698527982
1.63775778702018
1.6945388616421813
1.8024547987310597
1.6031033137518136
1.6298729710342468
1.6694326188130486
1.5900131890756886
1.6667032925895513
1.682445267972095
1.72692909948465
1.689197642115579
1.659220108302486
1.9770798422445068
1.8589499341236002
1.6244261399472921
1.7241544479169904
1.731090590334738
1.7578345618060969
1.6931412394113141
1.6180389715315908
1.7646340212445988
1.6978065534877882
1.6538418784473201
1.4337361133271675
1.8057063267656202
1.5727165245993386
1.754270337079691
1.7315350645126906
1.8854975613956175
1.6026979295553248
1.566488583880069
1.662130385257472
1.730023654313857
1.7245465528977033
1.5451119444634764
1.673915780122068
1.681694741016587
1.6207164057087637
1.7308195832381998
1.6001042980420006
1.7746824810471928
1.3543861162249669
1.5248473337091741
1.494729614151611
1.8368938666730745
1.541854272292929
1.738657043100093
1.5972496401222784
1.6485353509029703
1.605695400350341
1.8172389135078912
1.7607795769839734
1.6782071400343905
1.760718021333077
1.7398225898836557
1.7922673330024934
1.7426425582659586
1.5343294364085804
1.7359892564757664
1.8474373136125728
1.3697157895467569
1.6176377438426175
1.7011923073991748
1.6234288516991626
1.5511006705080903
1.5963026770930846
1.627762382616898
1.864339203306781
1.6372877259187795
1.4285790257222204
1.669665299439528
1.530203102605439
1.3541604528294042
1.7626612619449442
1.5092797285038924
1.4973389891760749
1.7979690158411183
1.8204781846916436
1.6307648311202079
1.623780358692097
1.5519683657630532
1.7294399721929061
1.5516456719369767
1.6835803171526518
1.4864318344373455
1.6549122287895244
1.7525263565693827
1.6345056625083232
1.3814748447365446
1.6034328868419532
1.617690867851865
1.6601375733810753
1.43498260359195
1.647907887209707
1.6386759233501358
1.7338123357866642
1.5536561056003988
1.6391950788147898
1.493613268294752
1.5896397238934172
1.3523659029397685
1.5947328033891661
1.5792011321794677
1.6499864373900794
1.496994938121128
1.4643346562516686
1.7402911109026102
1.3834861400975949
1.5049435587871483
1.4818496160771528
1.8410302434500476
1.6618582406297946
1.5284392543040795
1.769456316804724
1.582621483511537
1.5133363075717008
1.440292434026959
1.3585321341680714
1.5082540885320386
1.4569362556721088
1.6742092810745262
1.7694542465802807
1.5253376830229586
1.6451710084852498
1.6046629489388802
1.602566344314204
1.4117273529558179
1.7150212826935936
1.4723766931862112
1.5667074644726526
1.5007102883748467
1.7592200729467016
1.34957338058728
1.5778752001676368
1.6050705846035036
1.5194894438635
1.349229539390856
1.3942859910483807
1.4014314961701153
1.8613919729609472
1.589432933207627
1.4501701283261617
1.4991846680985654
1.479757812284761
1.4125955373411894
1.7505975443971966
1.587162817965496
1.4308618484765296
1.4244699886052037
1.6383750380066857
1.364691613868713
1.4149901821307194
1.6290445061209677
1.5595194133755605
1.4435129834173324
1.372158926411296
1.5684451211260466
1.349552747392142
1.3937440031757702
1.5681528847856907
1.2572968742670378
1.3287874464015546
1.6317926463955743
1.5078552811939436
1.4408998787236889
1.3771691564984694
1.5193153666917705
1.4570393035593452
1.6918888331420046
1.3718827164815166
1.5582051585212864
1.480198779632472
1.3809095829036206
1.6324644863524758
1.3928620302938408
1.2727620302420923
1.3767010031134261
1.7720374997042594
1.489336774239852
1.3409488684675233
1.7304651288846387
1.4635952783202166
1.4590760515334893
1.3713959320613622
1.4159857929256674
1.4895526046664362
1.3311107880542132
1.3880923494043986
1.47648569409077
1.4602890169904663
1.5795204956351856
1.359844662463227
1.279708468890072
1.359538577646879
1.4573771848311918
1.4046290757814837
1.4802072459037174
1.4012818480170377
1.4955930815021987
1.4668183621873232
1.3777359683573687
1.5251776758673161
1.609887555990141
1.4859236567856209
1.6137883934509631
1.4034150702696102
1.4904032950164559
1.4655972415582845
1.5107344456859133
1.6172060402468287
1.4113446185150187
1.6053653742591885
1.649431128128029
1.6927051498955865
1.4711839914404186
1.462040787756482
1.5189115269498923
1.4199241719228592
1.5836967361180139
1.5219304131093623
1.6186400620770343
1.4988657725898074
1.396402162603175
1.4991944235148722
1.622749749876704
1.4089789023727157
1.2853684536918453
1.446317146601321
1.3768255721454767
1.4923013996986838
1.4245213907097685
1.305491726840347
1.4520506706149707
1.6792424206134153
1.2639693208305427
1.5747928855197757
1.7097518031348922
1.5146318307913085
1.4971124954130837
1.5316684105257772
1.507259947636443
1.4590435389505598
1.4898360795017467
1.4926679401994214
1.315866324235206
1.5791182130334904
1.310088103696809
1.4124704213990813
1.3961073566530822
1.661583984781966
1.352512875606711
1.57618881659238
1.5483712018818072
1.5293462290813653
1.5537645365934298
1.3924085108772277
1.5712316104411554
1.3896415319763877
1.4580882704132436
1.5886767471164158
1.4254448596595144
1.4015108445117614
1.6276570730977409
1.7093113767827002
1.4883739181169973
1.519078493772717
1.492972067886282
1.513844884314486
1.50431995991423
1.3791273283599494
1.6047670485336631
1.34982793135215
1.595300036182128
1.463196065333357
1.516649639225326
1.560338858299813
1.5062800737483033
1.7230161905876114
1.3761533410741957
1.4705564760290477
1.6295903139601442
1.5795868479193858
1.5172345891689127
1.703139238218101
1.4928600344245735
1.4713625174601677
1.5965209501318969
1.5440130669953027
1.7662281682552496
1.7037597732278336
1.6792481771112862
1.5452201164479002
1.4711448228246842
1.4419101305156996
1.547668347005953
1.614498395854842
1.4731467886843488
1.5079469372094776
1.3992674890118098
1.6520653445489988
1.5677293246151505
1.6181731979470162
1.5178886572876777
1.3563237778305988
1.692951099767658
1.64864281328498
1.5293989258377365
1.6126560625704607
1.4821537253914452
1.6363084521868703
1.3779966945816382
1.7096363830824182
1.4577850849659093
1.3801573558927882
1.4384101120835502
1.4697583325856747
1.5399192101365788
1.635517383632218
1.4992858604415802
1.3002078802713932
1.4539354217952083
1.5712811496600048
1.711897459487006
1.4916209075711917
1.4979248883877117
1.5531687895814748
1.5261436646207607
1.5385189344055956
1.463237928550957
1.539340262684772
1.5001335175040693
1.660796142592065
1.7604965790064302
1.5410327124062762
1.4937649375859865
1.3681134078348443
1.4671788249701572
1.5511587092118455
1.532423461558605
1.383888850483647
1.2922762106111672
1.375502891600357
1.6798613303794867
1.5680440717384259
1.85852563192504
1.554740388893842
1.4133121853381903
1.6978649872063845
1.63290209750777
1.6035588163158796
1.3931083347015651
1.6190946680186034
1.7803966163254272
1.6462468691260697
1.7220859833458064
1.447721759809502
1.7318680958414903
1.5591291839611094
1.5847051870143594
1.6936905293619442
1.6066984213621915
1.7087360327578245
1.4134979308804922
1.6816798529230315
1.5536422244910892
1.6644409895390262
1.7458950377590798
1.509571637011526
1.5571520595234676
1.6713038115168277
1.4743333494539153
1.5346305628913657
1.8174455329176245
1.7903341434902398
1.4963568482311191
1.5119278436787353
1.5475609588247772
1.7158675648889523
1.378732529548534
1.5247409030195298
1.4859227449085959
1.6519251666115156
1.6525286281574225
1.3568603979666376
1.4596556979656738
1.9073316816416745
1.4472888479907846
1.3852001615018188
1.843650676209902
1.570087950818763
1.624686270550037
1.414165595024166
1.7141921069197064
1.8345964183279069
1.5826386088323505
1.5512352814753338
1.4756290569148585
1.6524835734368852
1.5165053296876958
1.7350952249562905
1.4741141573583092
1.5763566370361288
1.5678011768663411
1.6515666277498338
1.7241169052625263
1.8078824404213563
1.6059884296973514
1.4930008911005033
1.7148268226755843
1.5283049025437971
1.732866336212696
1.4413844890197676
1.5002293367186856
1.6270759843618836
1.4149137926737203
1.748512372149884
1.5801494626907633
1.6086728029432085
1.6389434831805016
1.6951255705118935
1.8208603467845716
1.4719329398737462
1.5112044371514741
1.5564245625709896
2.0842331077327994
1.726972231184574
1.5560425536912719
1.4393323975319414
1.3926963492817526
1.66010994338647
1.663063819393626
1.5325626660459881
1.5352135681105037
1.3991275249366206
1.6433911068709324
1.6280954449428378
1.618800887068171
1.6640183961447854
1.5479784239368914
1.6422920774592353
1.6580891527213761
1.6166979492518458
1.6223845741115563
1.8453994547036914
1.509653449103846
1.723668151195394
1.4209184438151994
1.5396641323266744
1.8662801784492928
1.6485896620392038
1.6972427752350552
1.8147911283854714
1.6316613091378027
1.6991603673734086
1.8251315144908389
1.7083008420891346
1.402927391508504
1.8454612760660551
1.5498022167891026
1.551616506991825
1.5452280610551516
1.469049834716342
1.6062632450994578
1.4090522384675341
1.5357526302580464
1.657874062036108
1.5957528077336776
1.6454193103475625
1.6901588496770248
1.73131307645304
1.3232505146768898
1.5507554146832436
1.4660902730143932
1.4564706485172596
1.5939965128546865
1.8541340361173002
1.579205498683766
1.496397717963851
1.7388996692055674
1.4107299453288915
1.7583222548119584
1.6736003351287914
1.601523558546059
1.6905099980315863
1.5166588200785416
1.4576970523272097
1.7855797415024512
1.6628114747010279
1.4006488198910656
1.6272210677780865
1.6911527207742896
1.5814205276540885
1.5086879757018485
1.6933423141638646
1.6543866702810461
1.5967755409125703
1.4694938839343716
1.7238504206280698
1.5768100432297651
1.7484201792310845
1.410450773825644
1.5773424317106663
1.7878579952456057
1.7118660606143536
1.7920494590644278
1.6620420303934254
1.4652593270762855
1.6511442280772628
1.4445266823378111
1.7863747681681512
1.494855453241208
1.6153854775026524
1.577084476657334
1.4512930235306019
2.033213217522202
1.6201724833544326
1.7218429989592265
1.758741333946628
1.362778251103538
1.7120343653693006
1.5656319218335315
1.9606015198047193
1.4756096358433581
1.5107359454690306
1.7235794915464642
1.812853985017546
1.6103016310803309
1.5650456707647784
1.4594351052159127
1.6105501923541183
1.5543349271250784
1.4837630067475276
1.8119742016811398
1.4996573745116235
1.4681560039266022
1.6713376902216273
1.6312201739881136
2.014285102837952
1.4597393338201337
1.682197289946068
1.6541650345642729
1.7962316028318717
1.555039914013306
1.6365006685183954
1.7182969431220179
1.6061763247531609
1.5222964646020622
1.6258704899191296
1.6232183957861774
1.4601727200912549
1.6445988609655011
1.573816798846282
1.5660796210707946
1.5479454965926294
1.5959965967292051
1.5077172362695406
1.4176992046104495
1.7849626986808154
1.8270693303462848
1.4561894391669028
1.7181827687396312
1.6871819444248775
1.4907406185802032
1.5221640192102752
1.5823316808824957
1.6567142709646734
1.8885875604773426
1.657208458680579
1.716904848565227
1.6440871151178649
1.727291140862191
1.5823143571870015
1.6141577864743095
1.5940407748837768
1.582495641308362
1.456889703131284
1.5878357484339864
1.724795789721861
1.8276879037784757
1.5177145389221025
1.592992885881635
1.426363698586679
1.8700676542590553
1.4880262875895631
1.465552426742986
1.5339284779886526
1.7131867126973126
1.5317042566789358
1.5667412886573855
1.8264011779839777
1.5120491942180778
1.5191318492034784
1.545219349930005
1.699545168239899
1.5809465477855467
1.5935309860355964
1.5090427578387695
1.5712726460748283
1.660169957306022
1.722422511017589
1.6278500380556813
1.5636580418396075
1.665671395263408
1.6258673251496425
1.3195701132837836
1.5792674974314953
1.4962585798172987
1.6144799036250217
1.6382589532518819
1.5895310111568546
1.3509339077112654
1.2514054565832853
1.631053298964558
1.4076927471954734
1.713462079375951
1.3062705726486683
1.534009670885861
1.5208316405127342
1.4774970800646257
1.481360408546846
1.5999340063691245
1.315559353006423
1.4167772979136688
1.5001618884289694
1.4224971291676027
1.6376277717918775
1.6371819627059252
1.3759587877765436
1.6531972468844738
1.6204622155549644
1.5958291368775783
1.5189685273678153
1.62268089928871
1.7152879156226741
1.527075833903155
1.4836322280438625
1.5501729679003209
1.533509149147109
1.6598554475597276
1.5719115472238048
1.408425759499203
1.383002507900054
1.508083747049195
1.7515072746069755
1.5533667331788044
1.4560738163079763
1.2935467627839023
1.7871358306187173
1.503009907551227
1.36823209824179
1.4968614107319984
1.594444404861994
1.436496815797115
1.3575786818562896
1.343097311345207
1.6112303767201683
1.6571189149431311
1.6315793901794584
1.7580569910795152
1.5490835476743672
1.3451855913195367
1.6397174316511935
1.5345770535939334
1.4959976141124711
1.466343036063459
1.3262714193698506
1.3384785259658698
1.4697613872028374
1.524524859882573
1.4842824832754673
1.5563854697501074
1.4934052660254413
1.531946375444193
1.5296653674438536
1.3974078812692352
1.2623798079529744
1.5450039529552737
1.2843251048036353
1.4741430471248078
1.521420649228861
1.4034301773902431
1.4968561275210899
1.5467861036532595
1.612878464828317
1.4445546549175545
1.4713387038343921
1.393478253689675
1.2652920963769647
1.6312519572291904
1.2240557372286245
1.5816118031601905
1.382637080591869
1.4176340449080833
1.387178131576834
1.4319991848752955
1.68991624433252
1.5057688507403981
1.5650498139185225
1.5358040199711516
1.411066179545619
1.6573351739229998
1.5814667982103372
1.3920416098913497
1.5385202921937515
1.4927512562123884
1.4590557735929837
1.4098885858823278
1.4658224834560307
1.4446987592009495
1.197080937950682
1.395817504849957
1.3942642071170588
1.5717377577287457
1.2919494502202862
1.351482727238745
1.5054437170684127
1.3427130007598644
1.4748248459482338
1.4893838848950955
1.3399829932587934
1.5792113804175447
1.5832387037065674
1.371632443795201
1.4500526403528253
1.5837965085814865
1.4705710452435206
1.3572253412704869
1.4340074258469602
1.5339579792515832
1.6492461391816153
1.5623460807485405
1.3491738971801943
1.4837220108196207
1.5446043047975047
1.496910357031835
1.5729612696286188
1.3032835332530934
1.4084860857653143
1.6224056456383775
1.484435201725241
1.4670529318935182
1.5165637983714446
1.4709575153175423
1.4882223847800504
1.1817245327863222
1.3202662928335656
1.4800450422404736
1.451132788933605
1.5732488580780433
1.5408475725761277
1.3480606122827754
1.4467891346901331
1.7954943028200603
1.5952193620102828
1.6162909501330962
1.587638921722189
1.6121451784045024
1.705533515745095
1.3669629415567397
1.4989730294466554
1.4924965695120473
1.59661378062534
1.5260645578216268
1.5840685387456852
1.3273783748628474
1.368145061319008
1.4404244354398328
1.427014526261812
1.48846078182774
1.5122041021827577
1.4903236730699407
1.4940961929551337
1.614502423996933
1.6544465059746927
1.617572414946019
1.5169158713329183
1.439345482462048
1.5070745570868902
1.558873695273841
1.4263280225569195
1.641856741850549
1.7716717580704096
1.4469150167035258
1.5432664199793324
1.45927457894431
1.4769861248378464
1.6586753981937838
1.5053036271263291
1.47636124998196
1.43903384740849
1.6253846871108113
1.5367943833850057
1.470773933832516
1.3997678174895216
1.4650085306222864
1.5284707734630893
1.4702050276190055
1.5948930628716718
1.5325559688602273
1.5744903212553454
1.3498097200869978
1.6515981002112152
1.7737907353303115
1.6934096477241205
1.4708807166457716
1.4128564693556767
1.5324013879312812
1.782014094693934
1.5027952564635267
1.608936798888191
1.5702169568465734
1.3624737130143956
1.5323949699602835
1.6123601782665677
1.909999815982855
1.6850417853836963
1.3667295849036747
1.612311523932378
1.3996025888754902
1.4793329118028726
1.4947778769750335
1.6212026212807271
1.5650083919816802
1.7619924449045328
1.806681172068669
1.4727305398425288
1.5624235824953598
1.3612388481121294
1.424061017416975
1.5162651421942672
1.6592175629308383
1.6095500546484818
1.4264991635925637
1.312149555345716
1.448060981391928
1.4644334546500786
1.5609305417795432
1.5263588945469841
1.4364928890349717
1.5279674603255806
1.4246650132150074
1.4688738519439426
1.3504719346908334
1.3869788278933517
1.7666239497110805
1.4276676459994977
1.3364150485611535
1.873870676059917
1.504030970519612
1.596999056607917
1.895785641609963
1.7366866700509622
1.7264962567935362
1.6869136775320022
1.5692805655104067
1.4146239009222972
1.6100294439664258
1.5530195858307656
1.5954799983383137
1.5991378966405787
1.7632915772823967
1.4279749630124985
1.5476498881727507
1.6521544738972147
1.5646615660029464
1.5451266425542307
1.4472522630041795
1.574442932653865
1.6209266629484549
1.4757888597363522
1.5468477066282151
1.736682066549409
1.579460858893824
1.541407248990373
1.7890618733658947
1.3449630564275985
1.5997987288050106
1.737498879119583
1.5413507593526614
1.780146375405947
1.3797001282428423
1.6651703081986233
1.40871048760225
1.3415017276158774
1.7510035375202562
1.5750241665197928
1.6959843031816384
1.560336729170154
1.5867015765065007
1.6602110375178731
1.4890701970459226
1.665164641229298
1.47961767786761
1.6274358546327548
1.458940159636376
1.6303931044255762
1.7483863846533212
1.5956767639254055
1.4470605527639326
1.737955706512858
1.3931154789130782
1.693405044383086
1.5265161899182191
1.5905148306725327
1.5344340389660842
1.716169026658601
1.6322054432953312
1.3423529470680784
1.5375363623513436
1.6089907908152525
1.5502409124295689
1.910448155563503
1.589052288040378
1.5813833342623993
1.8496603394981341
1.5609160397809094
1.6080105725551135
1.6052343775514146
1.7520241354621522
1.6648318481525923
1.75201298975171
1.6259032158870692
1.7057473220430819
1.6992275835455726
1.5732339558493043
1.6893887595278039
1.3746702459042708
1.5704305413701045
1.7159154248611348
1.6562459571274175
1.5419161467750548
1.841041422165945
1.715302832638692
1.4612790179204835
1.8091857811418364
1.711790395166301
1.6840383734322812
1.4297171626023961
1.5045991851278049
1.833155089431563
1.555503042056318
1.7490120370116475
1.6171488138715389
1.4589117370478402
1.4511249345125585
1.5064409242090235
1.6596789088837993
1.7151541385287736
1.6805051083506974
1.7128981878898375
1.8167933598612716
1.4722962444435486
1.6296525431040845
1.4221330721958982
1.4185965927753654
1.2700783379542078
1.7794676577098438
1.6563383571244152
1.6278377218419404
1.365161255650882
1.6242251614214562
1.6676301013381571
1.5365387077492414
1.5510857706699188
1.7347758060986458
1.7400370703743673
1.8455854293500784
1.5136550285696173
1.7821057803995077
1.556602550847752
1.437992962532077
1.3888525731136612
1.5899325513953846
1.6571481645106378
1.6803146260206592
1.6279387843719917
1.6007738850153053
1.536303794214403
1.6863429359618034
1.3952045619319846
1.5151130411845684
1.5042404994967433
1.5173181566940674
1.582854120989453
1.6352485945511759
1.5636371371379962
1.870473417683991
1.6317189617199321
1.6692773637469558
1.5704620909668179
1.6999896079975947
1.4118870197172746
1.3863306951228007
1.7353607657478882
1.7163849588290574
1.5445480100186133
1.6960163806215232
1.6656693756829672
1.713819728533982
1.6469606548637845
1.6656933640250133
1.3481756751212661
1.6229351710469189
1.5233781749083255
1.5850244271850928
1.8480320665285557
1.5001861542530788
1.6814023250302086
1.6598249464491874
1.6028343698667633
1.5537373709067805
1.64811456728308
1.5142780941525982
1.556154715912902
1.7933568339542365
1.7880432230383652
1.538391546216736
1.3137119190896032
1.6314038766337913
1.641249789976492
1.5287295798647733
1.6272263542962375
1.6402409354843026
1.5839761849059597
1.7815157883660588
1.5399650300486587
1.730260952837056
1.58915900890457
1.6830945611275616
1.556800943169843
1.552763951133413
1.4937194579387716
1.6295322685227052
1.7852764457011703
1.3715191779910052
1.3870352117361402
1.9682003288760896
1.5977589576519557
1.5503968807276503
1.8294928901060346
1.5680275026271637
1.5877707242012187
1.7252470382322465
1.704013474056633
1.5131470792625736
1.7773522790231489
1.5484491325047725
1.7211862453276783
1.6515639524749157
1.5873053371477122
1.6351685778726441
1.6352687956920646
1.6234938190830341
1.6264837594905988
1.56000337894501
1.585596520814888
1.6293644627419634
1.6489131283791179
1.3750820378736004
1.5858188932687907
1.5545406792934502
1.7001916386629845
1.4942396389921613
1.466646556547676
1.5540380228356079
1.4994280262202804
1.7826217331559278
1.422717794177716
1.6369962714583077
1.6371026602258951
1.7323274500122827
1.7414982269550925
1.7654666243117163
1.6517489982414055
1.7064351754945875
1.6658450493252914
1.563811092605307
1.8021956441123979
1.7401249117237954
1.670349808595126
1.4938569925936502
1.6879989241057611
1.4033052751454567
1.8923561585166166
1.3446411310305175
1.5070685561724066
1.845529151047647
1.7099409801200465
1.7122337816960749
1.4196957046577847
1.705835145562562
1.53391465662396
1.284038969438209
1.5290804141860053
1.5115359919879168
1.760950016238846
1.6662996426981729
1.6646976253256736
1.4229591627354765
1.7753777722814632
1.836933805653184
1.6092040445485298
1.3979945631517812
1.6380474174432642
1.5749944590914973
1.672928849129486
1.5313767832879646
1.6145647187942722
1.787458086818408
1.5811414253439786
1.7786505560944874
1.4055381753695682
1.4235986936240792
1.5492393213167635
1.5097754994121273
1.888446245951472
1.7788649124392184
1.7290144620396621
1.7813694472539996
1.56096865763927
1.8232221057275566
1.6168942345774553
1.4988771676288222
1.526238613466234
1.4577323983119528
1.5696425269958643
1.558192025081473
1.7001631442032388
1.628838970554969
1.6561401036273946
1.7958876707511533
1.5712087540142514
1.8122216053247011
1.5368557404180228
1.5975769535321915
1.683844535313742
1.7678408363799676
1.547535834028958
1.434511372327946
1.6992496163012412
1.6230592943225353
1.8118249489998497
1.652706605393353
1.733190771865604
1.6237051985016628
1.6849894378552315
1.4972011037162511
1.6548143695773365
1.7013578216322518
1.7469928435895548
1.7693541978683076
1.692686300992413
1.5999725052129414
1.7044289877711065
1.7171124936461148
1.9168569101586197
1.9794405632000032
1.6337985570479234
1.474109825402151
1.5386996699804207
1.814842210103618
1.7403427325473324
1.671617081715722
1.6593700044688184
1.6602535209421991
1.6120567439570792
1.8086631340062873
1.8559760992351222
1.605540507129464
1.7931978857389137
2.163229873328878
1.6114662099059658
1.6486547718237818
1.6660505631990277
1.6186038401266551
1.8118844089948076
1.8324371592455406
1.453958910986403
1.8087571208297137
1.6053647500640231
1.489488851053993
1.7517060274152751
1.573565686414714
1.6755973657479217
1.8077052200113992
1.7008113603378923
1.5969869026844141
1.6643878994300831
1.7860651221597053
1.6156189817256634
2.027777659636196
1.8052661215744503
1.737151996353076
1.742761833625862
1.834856993676609
1.5628558804100803
1.6114610750867198
1.5971561063089967
1.3167796948916297
1.6761842327007854
1.7227559806075852
1.7788444983780878
1.807512743868519
1.687173126422961
1.4804359483891611
1.7257789137643438
1.7159527376955563
1.5986041598096663
1.6715818725508302
1.818765776060932
1.8648485003586157
1.733551604675607
1.784869206860678
1.7648163778272803
1.792190380722987
1.8215831530626077
1.5758697527062997
1.8066289187706475
1.6537531673284203
1.6109969949251237
1.598950579913144
1.6064644436567896
1.7212511769050423
1.5936227762737996
1.6272043235607279
1.6624802530195375
1.8616738562176818
1.8327479547214445
1.5020810198892902
1.7047319274541937
1.6237056010092012
1.5398949469254453
1.6024703699218392
1.6859630122478522
1.6513934920049977
1.6966513936472212
1.871844019936511
1.6250823210792027
1.738012532966858
1.7806448344456303
1.907889005175533
1.8393159935630017
1.5791977948047582
1.7454706214727795
1.6727330761578165
1.3593480008821337
1.6976574467093477
1.699892427043764
1.6700608738909175
1.6758428289462004
1.7037857583685994
1.821994120831309
1.647077868470926
1.6863495431298112
1.8361268586318225
1.589470435507131
1.542059293793311
1.5195961974556336
1.6779596495866553
1.7564038487148044
1.8482378207150851
1.6197262551018923
1.5604275418380444
1.4275293737803172
1.6581037475745721
1.5413880874006127
1.6363542058272535
1.614332595797352
1.4285454831766191
1.7048745380421777
1.7509939713967029
1.66674128143907
1.7762385531942795
1.9633555346125509
1.7128814098946255
1.6754111896438075
1.6279272950698698
1.8054913063669573
1.6937660419817557
1.9934940589498762
1.8086055280476079
1.5937164424584744
1.720855879000677
1.6769552897739275
1.651612575522843
1.715687373270456
1.5643166364552972
1.5742838302917475
1.6362304934127863
1.6598147685772955
1.6750736708927405
1.6924074175807018
1.63940082891945
1.6148051010667828
1.6681233301197576
1.752126121219678
1.67549121349481
1.7573988078200358
1.6845199874707582
1.5379291764531053
1.603488724832602
1.7512058167938445
1.6651193041983476
1.7554751101169555
1.9263258423877665
1.573810723539173
1.8662555829890017
1.6701775634156568
1.808659850599189
1.6948169374930178
1.7367974169487561
1.6397710066960407
1.704103582525099
1.6666280278383643
1.640596183104575
1.761576150227366
1.661872739013652
1.6480145359347969
1.5798667821780028
1.7158091987959445
1.782259468328413
1.70219258315805
1.7120406351698132
1.6908717710917345
1.6191355591686452
1.7646834836126115
1.8195225302631552
2.044498611041998
1.7915901411338588
1.6379607867117383
1.7590163182278657
1.9398001112901593
1.6839515540439003
1.727057116132249
1.6303062193895994
1.6503767008755879
1.600423856100215
1.921851510300807
1.7452620498913844
1.6694382405829604
1.7553576409788303
1.7567325181225812
1.6775516938680084
1.6108755758808797
1.7634381587037322
1.7193499113506348
1.6809457816796898
1.5305839949995839
1.7547949675217769
1.8224708864261518
1.7305320537840057
1.7826459898134304
1.6858908046878547
1.645738899673184
1.6906537458374924
1.8447817444260088
1.645894280486744
1.6648932567195494
1.6903225527656598
1.6591264426475743
1.8374733558266165
1.8294686661166477
1.9217915422841372
2.006289733630071
1.9562962357644742
1.7673897832020515
1.7678255811809673
1.8052744968613919
1.8460134355558808
1.7519170794106032
1.8188458987438445
1.7045716938508946
1.617018550870037
1.7470203207612112
1.7007904405397667
1.7110531132273625
1.875109294144039
1.5057933107003356
1.5625570165874976
1.879708319914713
1.8887562699088485
1.6639751342799833
1.7385681378298325
1.5383294783836825
2.0134056230565784
1.859518617424925
1.763987245904616
1.961938295480096
2.0637142230915044
1.5975469238037268
1.5994308650539064
1.9438463614522188
1.6884825563077253
1.6956481516071515
1.8060938036699554
1.956906777965201
1.7045842729622431
1.8204220115999796
1.7154658243917116
1.8499328086964764
1.8964049709965072
1.9045092410889075
1.691382836149625
1.7884338549018808
1.6780505227901277
1.7560839101277317
1.611169208158472
2.0273797853344613
1.973378723010707
1.8230373615139182
1.7693535653731307
1.8922085402413178
1.9159235587139203
1.682557697600437
1.9332785324835549
2.120360883807829
1.8786491862689672
1.7587300656943061
1.637595456607172
1.9185675403381832
1.86403228486849
1.7045927119802715
2.161625572262662
1.583034570155508
1.8894123523688737
1.9598396744451922
1.698401376635084
1.627561192009087
1.6552878225716463
1.998441315904381
1.9878180817683446
1.6031978528893092
1.8415836204684886
2.033032217332353
1.6734517952389063
2.0611193815204367
1.8916096428472873
1.6957728765282165
1.6147868271489014
1.7250969957780828
2.017905012807373
1.8436579254727892
1.779490872199748
2.0624506790432466
1.7303633897401451
1.6700287004271366
1.6614764392706398
1.9194548171878307
1.9624142054998532
1.8665020880283134
1.8639451886638128
1.7231386070784223
1.7864220409276026
1.9752661593219956
1.6061040512898483
1.7989597797966088
2.0244552351274696
2.070480130506335
1.9240989327355575
1.7787428362243651
1.7427548185848578
1.9161339848515944
1.7017523531184486
1.7683358475358415
1.7052814558795675
1.9928172888350217
1.5365378205126403
1.8051548292899426
1.9336184870046995
1.6150494225079413
1.7720809026041828
1.6255549853433735
1.8702128349354148
1.7207894888194055
1.6951893511323828
2.100903893905642
1.7807163935323072
1.685228892303023
2.043255010323749
1.832762364745107
1.8106637068598683
1.586317439419265
1.9371656723139388
1.7817612139808385
1.7180989462494196
1.630231375815486
2.2191932964576817
1.5884172758184
2.0713456043873704
1.9691698955938193
1.7753817037573796
1.8214029422842715
1.6673320482472467
1.5703153751043648
2.0124575017389237
1.8409092880110005
1.8409141125352968
1.722563575461366
1.5810729129499308
1.7807964071708287
1.752061895724791
1.7007891309414345
1.7889031027217572
1.4175624568412397
1.7755431903863634
1.7243559550696905
1.6433627918245552
1.776143396831528
1.7584980913605732
1.5554104009344596
1.589873398706377
1.794243370505087
1.6446015550973105
1.6209080996433343
1.836817149490431
1.6506990733986382
1.699698037984009
1.566619115278849
1.6452085342193836
1.7804036875693836
1.7574619174532153
1.8579005483250053
1.6945795521772808
1.8247254188722841
1.5325663566492902
1.446950195325115
1.7195273252378833
1.4112036946728277
1.8376877958160054
1.4280170275686241
1.6526238872025683
1.416273081477327
1.6126859289644737
1.6138813667397307
1.824154286100852
1.7977093566070965
1.593562244478126
1.68258460496034
1.399355764823293
1.6149667090726545
1.5985035628567452
1.6570821000777525
1.7216161452909016
1.8706980303836744
1.430643343855836
1.9023887769954277
1.4482062192923646
1.7053128122180774
1.58718124562539
1.4113030527964787
1.6233058615561373
1.7690261973130852
1.6581200411465784
1.9092006257245093
1.4040700114937958
1.4838331029113867
1.6491986826135054
1.57552484169413
1.9905318909080427
1.7226439180739135
1.760076357102161
1.7046972907421527
1.446798793630998
1.6191135834797072
1.4798704595913648
1.5520937321474024
1.5443091601732606
1.2502684388106649
1.9170859619093388
1.6932190055502434
1.6924846794232473
1.377448329297748
1.9204495767055056
1.6846748347931897
1.5509052175426623
1.4052668294199702
1.6515282221333465
1.8550620970303382
1.518067736208311
1.842651081081825
1.767697237557146
1.7192010218987643
1.6650042100322184
1.2815530583897883
1.3995287879084475
1.6292261311682192
1.9266821578696807
1.6860204850615397
1.4575379173437812
1.5657132864196455
1.4120435659964934
1.43035333174514
1.5967112251723452
1.384456778985808
1.59544631124399
1.3876493281467215
1.4208307975608614
1.5372594263606651
1.6814570018699926
1.6993643901720836
1.4642673174658993
1.3076361984449656
1.5993173395198712
1.846870270785038
1.5192201286069813
1.4033551619843354
1.6461962540966326
1.6238350003931596
1.7057430207637698
1.5457628271686306
1.5772634579654183
1.6416601598240042
1.4827424389738288
1.562610610167345
1.556669791771634
1.588286539968283
1.5138241406359345
1.6441642162083987
1.6862801007625166
1.6716982080442804
1.6321867055494088
1.6804253054030203
1.7586857768116466
1.2573677753390073
1.427719100428233
1.6040351366307373
1.5214624399772148
1.7156850759552538
1.602581060654045
1.6301925642961752
1.3659442501917076
1.3637555230493281
1.8201037417334525
1.5578023523104272
1.776439035850172
1.6124891964267316
1.7191240049636758
1.6336688277685962
1.4244907341613398
1.5902582864063037
1.6445181133513125
1.4120204702872166
1.4656153977622073
1.4618036175211861
1.5631361009464557
1.50537412806465
1.7570402132723921
1.561457195378183
1.746997579558101
1.4218655148443828
1.2181866580122864
1.6270357010194343
1.583350802025832
1.678706959993729
1.5590020066166301
1.4266514077877328
1.5917168505989632
1.5547184577920974
1.703832793100202
1.580262882008414
1.656314737149207
1.7028473636274826
1.8313428757059143
1.321271095413572
1.597388760520962
1.4811071707115009
1.5648379165511423
1.3545211000443953
1.6677757939506328
1.6421316440248586
1.495522003501309
1.4165907768069137
1.252813185205533
1.4919594179256026
1.601411432424174
1.3501684509266365
1.5556540222724504
1.4935363826671257
1.4740960841974684
1.3408180797597422
1.4383420779465528
1.668910073783572
1.5458218069282612
1.483956221674545
1.5456539449871807
1.428558871216553
1.2014449453545926
1.603573239516288
1.677067056254134
1.5518631760961739
1.4877380032512877
1.4993801117347865
1.60644999272535
1.876444577854949
1.6272019701396392
1.4290584701961502
1.5567649552402771
1.4427264009144616
1.2974660285229824
1.5994904337334837
1.3292946952586984
1.3358870372798148
1.7526629764830353
1.6222582773226897
1.4501542831413992
1.49963329493999
1.310718284983159
1.3608689718505818
1.3971564607737659
1.773839822602635
1.2787721782916965
1.3154127519413896
1.5497628118171938
1.4330289545013115
1.6786228728085704
1.4515190487657712
1.372533310510219
1.6727504514876164
1.4322055781600933
1.4061433646696488
1.3189994470876207
1.3990470731495401
1.5260353789305878
1.5779319258212339
1.4270095245272747
1.3991076677367427
1.4413959158393028
1.60941271299887
1.371774586956778
1.5160180631619817
1.729086170753406
1.9589774181679178
1.4296170346424741
1.2265981596317246
1.5921824231844708
1.2623581232925702
1.5500796417993934
1.4766099322256387
1.4122947700576858
1.4213597787622372
1.4431493376486704
1.610196161050645
1.617203570342165
1.709671648785329
1.2850965707424162
1.6559085757469219
1.2600858469833083
1.424645271083691
1.2262612397729027
1.2059812519120654
1.669776293741434
1.5913120849575837
1.5357097632688619
1.3729467872735168
1.5089909352703963
1.3895769942161738
1.3949739048926937
1.731570575488319
1.4128760011533301
1.5161523988761418
1.4588015245678
1.3835609361960108
1.560624115451854
1.4457727664143394
1.6117425161826584
1.560421259668356
1.6178288797909848
1.6051672718133871
1.498598902164163
1.5661609274902941
1.5021856337366375
1.381107068718737
1.4115793982242253
1.6763934928023854
1.3395449458203532
1.456435028361885
1.6210602593477321
1.4162833904501728
1.796316794839305
1.3739130591388935
1.6352663511593772
1.578192445905265
1.530165302087462
1.4804193916200146
1.2990312405706266
1.5912803938124749
1.3366316018877373
1.393607130948612
1.536171429814558
1.7245150022302433
1.6075361919313509
1.4124277451572254
1.6000510704318878
1.4339080636615302
1.3028416527646032
1.3482647174515232
1.426036685007245
1.3369088138108238
1.33690746024504
1.7501873637826872
1.599194714165189
1.52684787643016
1.3730291518631335
1.6086660833121205
1.561361896636473
1.3875721829223326
1.4647141875753011
1.673223992506966
1.5410821174388105
1.6182201036094397
1.5722354038840898
1.4572379585261332
1.4857685277078887
1.58751217874545
1.3742664865377687
1.6830368687597665
1.368851964514823
1.3372221707265033
1.5575940867340485
1.5037661096540158
1.6398420592858272
1.378757287467309
1.5337186765346336
1.4190862927766268
1.508672333677233
1.5470363517327264
1.5057863387115549
1.3476995690911873
1.7579802224250554
1.573299063982907
1.85372477692402
1.3796445212644999
1.547656598894712
1.750114973780508
1.4574552552919453
1.550601466576232
1.9625792236363526
1.4251985334536257
1.441454676982754
1.397172710358092
1.4903782308480857
1.4326100373486477
1.4552296966730167
1.6605289084596742
1.369654329531731
1.488236625182024
1.5861327915413947
1.8600479423057599
1.3322106573676389
1.3240089641075607
1.4805639010505425
1.5093455668719327
1.434368257812754
1.4324436043730768
1.6534324358253063
1.5712078123436966
1.4738860325959933
1.3913028023629768
1.2879036689685186
1.3968721311616883
1.6352601492196126
1.60030675214012
1.4986697763034733
1.6026244485365058
1.4523654695757289
1.6098222157535846
1.411571191136022
1.4133031083006136
1.324092603548492
1.635345542273687
1.5023658041330366
1.579874871308044
1.5135979409202707
1.404310178516623
1.3799650824855845
1.4210654607819817
1.4756849273549053
1.6648107204305205
1.5660027697019632
1.409568877028325
1.5880975896108789
1.535564573616366
1.5121429995368727
1.4022910051610442
1.5707529974913341
1.4835799919112242
1.4107816089580623
1.3258702989543065
1.4556197941458933
1.576760355047139
1.7432939094550168
1.465265609396075
1.6166700743423923
1.3512916325806874
1.7100536871006387
1.5656272939299445
1.5149376916146144
1.3411114436682243
1.5532169764442103
1.6753850909663324
1.6545839301692435
1.5385909789576577
1.4478005263051035
1.5446728676021784
1.3385515195809108
1.362834689986391
1.536877388844761
1.2924146226092554
1.5555145209431962
1.4263760354943371
1.45772387126723
1.4565396985737395
1.6236035065929613
1.3088247785003697
1.5238842651922058
1.4185210956735455
1.6257064763407694
1.685191604930386
1.4647615733122192
1.4838494941766536
1.5333485520911774
1.6093816330130413
1.623633670319887
1.6009439547257869
1.3379597630425324
1.4024861255977057
1.3499302721530615
1.7205334975447542
1.5195573325025828
1.6434563050221658
1.452048376498529
1.2770699235662115
1.4363503732387812
1.3425411302923707
1.3756741984240881
1.4802565389481566
1.4573142964900403
1.564327223394788
1.4886331012769298
1.6336769550643873
1.3032313497579584
1.3697015584176828
1.2729698497841297
1.5405098313987455
1.525293935521311
1.5447870791518912
1.4498145003607132
1.3532409113478816
1.381241784572296
1.4082579632701562
1.593881849858971
1.496932702581089
1.6863905211337138
1.406657617182834
1.6656495283640567
1.3234123008033534
1.6676751313329305
1.7606014619963326
1.3837311098459792
1.3098302603817014
1.60983336495838
1.771617003561739
1.4773545581125738
1.2599225792778854
1.4478112015101254
1.3297733848866753
1.360237666139334
1.4218429324425839
1.4850331914398684
1.4285269246427454
1.7425844256915748
1.6403068518822201
1.453343045415762
1.4806659633467567
1.3136367706867147
1.4358127627904693
1.2910477913412473
1.4996300888543705
1.4292129440475014
1.427772453584808
1.5028317531665925
1.4257779843278415
1.6162818759078956
1.5316750379609867
1.4038110428155275
1.4200570050475567
1.4631644105224808
1.3979755642712515
1.5011985366378993
1.3104557849000185
1.415684588312622
1.3902209874470883
1.508005815468488
1.5308572875387167
1.3275996376056625
1.2685234325269277
1.6167605291874465
1.3477494110368862
1.417795250359984
1.3080901809459398
1.5735794246625363
1.3515001543060639
1.278216515548806
1.2640661903990313
1.2593157270083906
1.528782070343534
1.495457943634331
1.646221431879431
1.396899416968449
1.4944521436535285
1.2334321628166571
1.5736523692633715
1.461718659238508
1.4056973038118479
1.3118525781268078
1.391573419166011
1.548954695943894
1.640612648532473
1.3934376115088827
1.3308711481764983
1.4989293280367657
1.5588051341640823
1.4168441437861032
1.2752771958605487
1.5122279619762247
1.5878673472981895
1.5984367809853568
1.1711205378410638
1.590009341188798
1.463405264281565
1.2967566621377982
1.2300417520062619
1.4950151751998795
1.364626430307749
1.439692766104026
1.4135830079311529
1.5409560607699477
1.360437352160376
1.4518536892887455
1.6557436783754533
1.4830070760577185
1.4266428643985913
1.4623747756300225
1.486326842388372
1.5522571702785959
1.391133129353909
1.5984460745051652
1.4029045858393165
1.3394142255880517
1.3982387343156222
1.3525211556719143
1.4588510788940965
1.458257668810849
1.4669393044834094
1.4296970911949716
1.4828695899165834
1.502776845859324
1.3895937811474672
1.461764891627496
1.4095705709356443
1.389943878751078
1.4491338805325715
1.4637292937769204
1.3335607882338938
1.4602159454988322
1.3404246325814424
1.6003824449197133
1.4224092809932285
1.567555598566819
1.540210405780746
1.6854537035546682
1.5973670881407385
1.5610131708714476
1.4861021801261818
1.511477153482648
1.5487134316479578
1.429494439374111
1.3674878329210378
1.530543821665494
1.282030364516809
1.5247299172026008
1.3826576426953836
1.3877311405670503
1.6230755853755219
1.4389781704048756
1.7660378234120244
1.512783994072835
1.5807152954870416
1.6217051789947377
1.570760535658263
1.2484743065025818
1.4428224731932793
1.2113217971757382
1.4277891112836256
1.4808950162609031
1.4263677037763067
1.3820075846926632
1.3382843085677032
1.6475507103125442
1.4434019202895527
1.6319925348710833
1.3701167768990834
1.4410164849192486
1.6653062697957446
1.3633212270256125
1.4500516979038403
1.4533610323293622
1.3669527592916255
1.5894457217193048
1.3816252647723057
1.451845535676283
1.3485519688584309
1.5675147646426595
1.4382011759967228
1.4638664328694284
1.4263192343177784
1.4011923154807653
1.4995493930079562
1.5374724814436362
1.7674746859111916
1.7230053320601517
1.5696547654142177
1.383565287991682
1.4513596289943174
1.5030728731885563
1.5394463037759603
1.3860625787375973
1.529400780020713
1.4316539117089835
1.632398407208186
1.559029291284514
1.361802890695302
1.569982027767636
1.3085437373283118
1.5557558494701713
1.350755413189127
1.4294872116330946
1.4895010514139364
1.3857697650675915
1.8730537863221006
1.7665989079803037
1.5937811424181212
1.4702683653347997
1.6842483264530554
1.5618797588085236
1.3982339976043623
1.5582318535539357
1.490317910172878
1.5504892898663905
1.5291059228585429
1.6155364120142608
1.3027125298787943
1.4032906576761857
1.6307850939917174
1.7009997494422744
1.4214262976405627
1.5230524680558635
1.453755595857509
1.4720259509538087
1.4229680646138514
1.4992109650317178
1.580458370986459
1.5955525961531323
1.5140066588356929
1.4447402776134783
1.5131778366564979
1.5073227288138913
1.513673963029146
1.4350701784765079
1.5016591854994383
1.3096159891576962
1.617227840652707
1.458381644289593
1.529600597331889
1.416333437441153
1.3486627188848366
1.5297398699474634
1.5147046519580163
1.4044026787355604
1.647422787087093
1.4211637682222822
1.4948087198867597
1.4666172850253667
1.3101853109835497
1.4477937575017394
1.4849205473806504
1.5742061929590336
1.3556383146788114
1.5577849686136487
1.4132781158605559
1.3501081744860106
1.7254723597867958
1.532662816595138
1.3557572510323406
1.3983872517813671
1.47315725709661
1.642615278108903
1.481854149909837
1.3874666998165504
1.2651928227013023
1.330427497217972
1.6357193995286867
1.4281601681988874
1.475592412253211
1.5072024020314627
1.5131340731000011
1.3962747356785872
1.4802751699818235
1.4748746493946183
1.4678731808970031
1.5101031242041305
1.5222626868486695
1.24351593235966
1.5503364824844141
1.289316201437914
1.4142482594515353
1.4255837304600778
1.5208232634858654
1.4137550538339658
1.4264160405856985
1.472745499323765
1.5067294484651343
1.46642140500988
1.3656612760721827
1.4753411787251172
1.5549149401998186
1.4762300380055655
1.4105830364174567
1.3800489778531133
1.601810999226578
1.5161874160031945
1.51312115465353
1.3935676276099467
1.461287917099113
1.3721887378994637
1.3398552220156579
1.392180211478226
1.5495601310922402
1.4598277559931963
1.4531942409286402
1.6391179176778707
1.3812428538004604
1.3287601439422227
1.4080101477557785
1.3690334213118178
1.5608457292647304
1.4774211038349125
1.4441567287816304
1.4327169042408912
1.5418865212449886
1.6525554421369517
1.5999766888473599
1.2456900955990655
1.453733877240705
1.5945218399486334
1.4987394906992768
1.4257378628145392
1.616754844092276
1.3724956278353975
1.3847523257312118
1.3965358401637693
1.454331340304217
1.5065232384334182
1.436683915082616
1.7660498233894368
1.467410391633512
1.4474398444266927
1.4578247645215219
1.528973207939122
1.537113887891463
1.5758988786843475
1.53944457607409
1.4129967938229233
1.3920124277276213
1.5351894361491798
1.4462161969312906
1.5304833897487202
1.4694085345014878
1.4366547061939354
1.4715664141641203
1.437391937661539
1.607652680674703
1.4037039978723667
1.486991845742446
1.461725601996657
1.5185888351362788
1.4170627495990067
1.4289042927619242
1.5502736484456652
1.5166362689894464
1.486723663451307
1.6095597948606983
1.4797451695420356
1.5343341976032316
1.3939055457498777
1.4454430191894585
1.5218628696058165
1.4463384540807862
1.4776253539837856
1.648024624408817
1.406681862588255
1.4495026697285796
1.4305840378875185
1.5142622434315585
1.6254680391684204
1.6223928960797003
1.434683688671266
1.5039901437035414
1.4958665863615865
1.6204210453851533
1.7411723606894163
1.3097698528212498
1.504170769930044
1.414146968153855
1.5176572246351654
1.4696712381427384
1.355176137616894
1.5396429931609699
1.5171217356652342
1.4581958311851309
1.5256728470893994
1.3893744025277281
1.297834394958085
1.3228550711577447
1.7175596896473742
1.3974112069008338
1.4882441967672029
1.485392858747963
1.5392616274946136
1.5004559465657352
1.5924024598671125
1.5285073285816893
1.7932627260765361
1.4791442773330084
1.4943384676480904
1.5718706427770162
1.5223469228503466
1.41491016837973
1.453237034337001
1.5034464467481587
1.3256388827687835
1.4264686058864462
1.5524319491357974
1.4415908140350695
1.3181591871988787
1.5534934637788091
1.2978404194698194
1.5931984653825502
1.4216293013053802
1.4382091471044038
1.44111146903469
1.5851975046104907
1.5309783526726002
1.4996063266421893
1.5164458710997653
1.6480717279821562
1.5976905415372393
1.8020318119483345
1.578195696212551
1.5467604579926288
1.4663185079547767
1.6976703816588152
1.7414535041676171
1.7191186340939109
1.516564815865038
1.5097009497077865
1.498786189174547
1.5144745878742603
1.54700242729183
1.5212633251283874
1.5293127676715597
1.339473258180789
1.631096032577712
2.0640416251826883
1.5480398506351403
1.4669473091926895
1.5881003343627482
1.5227889939155905
1.5625702116340476
1.629656922999229
1.4148484428547121
1.5401835815943694
1.5998536485384207
1.527597769890502
1.5824217573310397
1.7219717252107547
1.4188418722188394
1.5843287613496295
1.6353075035884572
1.5636054161569324
1.506927487476096
1.5451722838946296
1.743653860783389
1.6666340310803704
1.573538806495755
1.5117559714832234
1.5633503418673182
1.4251179324707273
1.3679787398240433
1.5938490064792497
1.6087036697251516
1.3546574886821603
1.3763752550917452
1.4440401775287148
1.490431813294746
1.6003283631516343
1.6030430451176028
1.6052788777675109
1.5456369560384133
1.506084527900995
1.4328137050327616
1.5474102486124124
1.5364905626361938
1.4107253115727585
1.4099040016875852
1.5154043451575547
1.5345316977631804
1.410923097948665
1.6257372216815102
1.4812243465130805
1.512768658254919
1.3799691916679844
1.4447260685016121
1.5470012726884643
1.4762384771290238
1.556505003677612
1.398606175040303
1.4875772931452356
1.4105414691420077
1.5404198225134254
1.4370480528164822
1.3374525895379479
1.3622473519534197
1.506428695923537
1.5710741604967402
1.8054375756888046
1.35166914105447
1.434615222937203
1.5828991213551367
1.749897926142816
1.4735314530282713
1.420985316711603
1.682337216267862
1.5211994738623682
1.3048218105143239
1.637872449199799
1.452514707245287
1.4850937226430971
1.3624237291788355
1.3894331697391
1.3970582788184092
1.5181486338882855
1.8169955841729302
1.4067769433919168
1.4173716087856318
1.5245113496153748
1.406301287715644
1.4443071691027807
1.3189545235642812
1.503607191398819
1.419198135585051
1.4590637005917688
1.5136017624470692
1.4721744735871352
1.4482779042537488
1.5720794883097915
1.4771158029179132
1.6341815274226037
1.3153776394356598
1.420377230810331
1.4047178385150452
1.4003015625919981
1.5824398907396167
1.6551474182030923
1.5009328009559144
1.7987850929931959
1.3205004498460557
1.4462199469197623
1.4616470129254848
1.6741864336668182
1.4235288377323443
1.3111864603688173
1.4148832905029027
1.3703565536390323
1.6084871814423842
1.3991173001944426
1.5792014253950533
1.4664335294188573
1.6824708653383607
1.7237153354453132
1.5565427249939578
1.6274197747813794
1.3484579272837776
1.4547180884886142
1.5317727980941527
1.4313441883541294
1.6554181430542012
1.5674418443154623
1.4226791762068518
1.5536579096600476
1.4830968347689772
1.3686143007351537
1.3190259905521848
1.6045464286406683
1.5571654000052333
1.586975392352716
1.426386469748626
1.4553545783936046
1.316558864255864
1.4942809195200222
1.4726418164838273
1.4874049421187547
1.5051980939446805
1.663773281521495
1.52447836882615
1.2984451563644728
1.4972092043488732
1.7721178464967497
1.3605401479949422
1.5492970707938483
1.5728310877639877
1.5728291587353431
1.3142940836605683
1.5696222068089143
1.4089139769112662
1.569929292227982
1.4309519936193995
1.451301764549649
1.7582012324629486
1.3376768844371072
1.5806294240913001
1.628867142692456
1.416674500085927
1.785005715794957
1.332082532635465
1.3427060887450466
1.7649698574122805
1.3523819895337816
1.5639816503816968
1.5273723326720603
1.3571767510698611
1.797949031978056
1.277052406801276
1.55038532518854
1.708551119260481
1.516832191362806
1.6172003520617733
1.4411735996579096
1.3743886130921168
1.4738407418829564
1.4007754912737995
1.5596835508660587
1.4910828058489698
1.4169731248339645
1.4581160347644977
1.5795234346907963
1.5369852598968972
1.4464121890493022
1.3399528435613008
1.337344726758536
1.3595448402033925
1.30303260006642
1.6279986803379742
1.4125170325080414
1.4236495371198319
1.3936886814291352
1.4856535761201892
1.5331942811510273
1.5529060839827873
1.5058969873547663
1.4448606933472603
1.5985557351215847
1.4126485039889811
1.447969398276586
1.6493819269290189
1.3250061481315087
1.5797970148852924
1.30124210041329
1.3779724484094635
1.6678528546169136
1.4212884868234577
1.3224368085032536
1.6807212350935619
1.5761180379167903
1.4205740482206946
1.308411951602355
1.3486580562584476
1.4264634499315192
1.381003934140816
1.3147079019929282
1.5055012924890325
1.480241973539149
1.6663943896282447
1.696243340007798
1.3237629746072432
1.3366704308163628
1.5878414951483308
1.444698426051594
1.358307861274313
1.5397256178477703
1.3313757052976938
1.3734802615205945
1.3262332905400376
1.6611066249722424
1.3521394719345188
1.4034603027662569
1.288958632560226
1.2836017317062838
1.3427372717363848
1.296705981050057
1.4561338117845861
1.5381565840694655
1.480158141085953
1.5449505481542158
1.5368843080589856
1.3303176412792672
1.58878759176635
1.2948561715413374
1.437710265964096
1.5488493989210057
1.525039818178928
1.2383546891135446
1.7137140102932413
1.5090625317696311
1.596954417533174
1.5341288748438857
1.3214094143572275
1.4716939245032454
1.2752814326964694
1.4184336179758845
1.456347277583221
1.3010409714532587
1.5648607286675922
1.4176244094088184
1.2711362127671249
1.3498326213531247
1.3483707322805618
1.4695143701118023
1.3643043956654377
1.507810943715591
1.340774233205827
1.3799566352877846
1.2451754505831851
1.4464244096942958
1.459868131224956
1.5805149747219018
1.3228539843171063
1.2745048393145528
1.3392578880901969
1.3148500715202878
1.533417139206387
1.547685120951036
1.7544435809457841
1.254834838505937
1.4419975755731311
1.4470245759562816
1.5868932246840535
1.4437195773819007
1.3657580460025864
1.4897669174449955
1.546358294419722
1.3225873095374112
1.2167700129727703
1.3612242044830238
1.7348505516214892
1.4141830178511658
1.4586891731963345
1.2941558721072108
1.456308066687194
1.5104978192499625
1.2356916611144333
1.326772185242918
1.4020300402685406
1.3733243700279503
1.4268580038972634
1.315614568228248
1.4983965345682364
1.3626794600514283
1.2610467162807373
1.2933933163212297
1.266581318143437
1.8803584549087085
1.4318818968235438
1.328817400560362
1.4433547883676805
1.437017739305547
1.3399583086652034
1.387071840537201
1.4486189073244329
1.4793588333854324
1.31228197019936
1.399215589734052
1.4661121235206915
1.47717291695977
1.3381138983213696
1.410964220394236
1.4066869784539768
1.5952487925409968
1.2862132116270222
1.7230020360493434
1.2714844112613608
1.568305543837801
1.5660302243335142
1.2248760436055384
1.376414404573674
1.3501975451060795
1.3536175466908993
1.4237434702275296
1.4808193495415085
1.6087898611884295
1.5075875138424877
1.3086760299725015
1.5155812042029635
1.4508090211478923
1.2956737237798475
1.5776917657626373
1.5045532997151596
1.2932716350670102
1.3185401470780622
1.3677075291184577
1.4580681767772568
1.504252449704353
1.4554173020898353
1.3764932962143905
1.1679913024187962
1.3295870247573194
1.4576232804943552
1.538215137655337
1.3532754393934718
1.3512170213118442
1.3802395538298293
1.233477253472854
1.2649970577479916
1.431234499474105
1.2276888594936584
1.2429682214471538
1.3606909177893867
1.4361537313120207
1.363736747869641
1.3594109083174517
1.6072118869487237
1.3163842882894856
1.509096462152107
1.4851562572714307
1.5123778286483107
1.4531679667573987
1.3092041984776412
1.4586703987217264
1.4405436030615024
1.412226684770112
1.3656222682201462
1.539538195043553
1.48311045479244
1.6234467530501422
1.706971301188417
1.4276369195452072
1.2971243423356467
1.425051058592771
1.3950196251499247
1.4498579147991122
1.3621888648767537
1.5663714465504768
1.2697743817455032
1.4893214385517033
1.4112909926196429
1.572292909801141
1.4396392842259433
1.334899770689605
1.5831870348464196
1.529077638777011
1.4806752209576555
1.3221942052881093
1.4381617953555652
1.3381420786385805
1.6506590788037467
1.3502580788573117
1.5998736964738867
1.6281154691060764
1.4144094400828198
1.8319743673060507
1.349526235786683
1.3161473312479433
1.4608258365716513
1.2912779982942393
1.3183696910313865
1.566750644356294
1.459949261798608
1.3101334802652236
1.5328385776719156
1.531285518467455
1.3833272044499911
1.6121541745324106
1.548162259658368
1.4224972155197642
1.618443308391079
1.3823185979349515
1.309465801642005
1.483432626335939
1.610550920018753
1.5106404010769494
1.503088765722528
1.5419960683597653
1.5272709656073196
1.4023051781382831
1.504138747933998
1.3808019761399297
1.2536816530987451
1.450268032433946
1.4460669094901033
1.3869526741818867
1.489101062007026
1.635957457864853
1.3614088131403064
1.5173300243026127
1.3548486426533746
1.8190706583752665
1.342541085195633
1.3456792219048486
1.601921782174367
1.6675040909544827
1.4634223342939021
1.4714176853607521
1.6389905467707908
1.6359936572101461
1.523847999859832
1.6029301339260111
1.685355134554608
1.4882719990842856
1.4319130792460792
1.604678785205887
1.3796660558498142
1.4344848837427777
1.6705435542011084
1.4708024605484522
1.462962452268982
1.5454347347014905
1.6876582972606642
1.4185649378243532
1.7490330815620987
1.354383661003394
1.456215049612831
1.8874818435763465
1.5690356866970707
1.460697995486504
1.5055676826860833
1.4885505963999504
1.7012094924478245
1.5093381602376827
1.5347183431583749
1.571706754115558
1.6328565028870243
1.735073552971328
1.6666486632539623
1.5690134320502966
1.6070536878106292
1.4560423535384523
1.650356833337939
1.5091736380869691
1.5418754137744908
1.5760713290381494
1.6803337420444415
1.611700774031028
1.436004247805311
1.513050849574222
1.7826523676940689
1.8347251924740349
1.51575365637891
1.4092653592133504
1.6830333904353079
1.5714595986955628
1.6428990110889092
1.4165859642678704
1.590274715028817
1.6690438538044088
1.4508573551100814
1.737630495771381
1.7047900065603385
1.6479798932422187
1.584325566421502
1.50586669371145
1.718073702465294
1.463505126412045
1.3486497609220718
1.7527663073217443
1.7088250130644873
1.6827051484611928
1.5486648777845353
1.5570811402553164
1.6395290303787373
1.6112435780282452
1.6119539067750117
1.563675416090137
1.356642757002527
1.5842675652514937
1.6260964258676491
1.6568755010755223
1.409907403608547
1.6719717210362568
1.5757770236497302
1.6873841026209475
1.7539779330579557
1.632657621241016
1.4441692653961633
1.7899271809208652
1.4796121444719061
1.4804545172369419
1.3309527668024375
1.6935231701783586
1.679308071549309
1.6964452542697714
1.6490667937176677
1.5073142221937978
1.7404063339645142
1.393214244847135
1.7707838153263407
1.5850921382150267
1.471231819593946
1.5821405885217752
1.4558756475846655
1.447716424764847
1.4789691912933853
1.4416866828900425
1.7434877980862074
1.5567812161232149
1.5922213680034312
1.3946341381938205
1.5236363924857232
1.3824723128776701
1.3881458396811261
1.5187911336597035
1.5207536411645481
1.5450550894240715
1.612606534270477
1.5638884340524062
1.5808436465391917
1.4884922387992168
1.5854730860448532
1.6354898446774544
1.4561476504628468
1.408130126055446
1.5869753348940985
1.540772253404917
1.573488388632971
1.4155467576522571
1.4401922220174639
1.5069102149417595
1.4416961309681198
1.5865805661104648
1.5256962315823388
1.680085614524372
1.5218502208695337
1.5614775411661097
1.5739997714771738
1.5491643587732382
1.5784255321474674
1.3661888754785319
1.4142543288585154
1.488146717341664
1.6210359319731538
1.6800869919927757
1.4439004735955565
1.5215070055493718
1.57035002988567
1.5072956300376212
1.5927748999428692
1.6873386451932775
1.7633544036619644
1.5184809877291787
1.6461745182571121
1.677750467879168
1.5476594956541603
1.4678496576163629
1.4813934705091836
1.3598679892083343
1.3782751890712308
1.5755252995915403
1.570760321416673
1.5331774974210504
1.4390287165193087
1.5697400021920882
1.5842619927827244
1.477830344170512
1.3419013436648186
1.5669741248346558
1.6029777063263466
1.6599910314164734
1.3912987936887344
1.5049399335700064
1.5741257305344207
1.5858908323370795
1.3713213255693548
1.5981478682430048
1.5452766049872404
1.5657254634840192
1.4553739053030106
1.5697711734011672
1.5632194734416287
1.6643308340961085
1.3708058690987424
1.4375394710453817
1.3814214689346964
1.4190476842332593
1.4790536437153627
1.4832416588496593
1.459933144724792
1.2819400131446355
1.3848250277029375
1.5902146303736555
1.4464064218197694
1.4644052010638606
1.3297722470719675
1.3714697220284402
1.5301048057798914
1.4963427190389864
1.4948060200015654
1.3824138528425827
1.8008661658453817
1.5011985452671157
1.2072548492560577
1.4250209595679597
1.5441513710232089
1.5033368196867714
1.5494357679142046
1.6266355618950659
1.3597274195723172
1.337646663640609
1.3146935222904905
1.2155080639686087
1.3941355436112812
1.2859641027714646
1.7079727215933311
1.3552360247093813
1.4100113673481087
1.3483654172075228
1.459467798511834
1.5966382816040092
1.447771086387034
1.3910332447997167
1.3404521921155337
1.610836240188101
1.451384125034789
1.6414530940405865
1.3105250099923724
1.224762515360831
1.6025673061421384
1.4239627716594314
1.5574153404613238
1.5273890359864037
1.3049413636285803
1.5150899200232697
1.7081523722067622
1.4454124505912262
1.4830157354423408
1.360672238630468
1.3367413476033754
1.4012583815858062
1.4249765766060178
1.299387817741526
1.594276825753991
1.297865584783055
1.260488970733714
1.2844021202838043
1.3751018149398884
1.470320872586129
1.5708259528006137
1.4264541646928204
1.5031725776183067
1.5892234482604954
1.3469867329070686
1.3918549619318883
1.5769122673833835
1.461556084528269
1.409247432459821
1.5591449906764805
1.5902036195002363
1.466709568290017
1.5606939962396826
1.367604796913422
1.4382059020156244
1.4496930809305382
1.3857162488973194
1.5969695329561744
1.3632293726373337
1.5926431449173974
1.4032453185081741
1.4900249746833525
1.5598129975839878
1.5874578187606798
1.3506878567715854
1.484825096630408
1.2569636309147207
1.3271481325335328
1.5885092976593285
1.2595586285702773
1.3465243071297432
1.6136090013839905
1.5885017801814958
1.6076980159861702
1.5632670059799485
1.3737598410823417
1.5349759590947991
1.2115987562024606
1.5093131252113843
1.4237428875803384
1.6200284901166895
1.3539169914655584
1.628882865491774
1.629981989131192
1.5470513396678993
1.4153139507930503
1.480197906935205
1.7422957951442548
1.3451195990189584
1.5296491814940922
1.7521504163110404
1.3220677123089235
1.4980125646909102
1.3536550176845146
1.7135475331297194
1.4265110783308
1.432156929789382
1.6700259158706885
1.6473208598711409
1.3967506157093115
1.5341091561331361
1.6925427182411472
1.723615262455463
1.5067089876106987
1.4450775033269976
1.7537324289370395
1.3200795740888274
1.5546511270944636
1.522322623591584
1.4184143750405103
1.6553133734182375
1.508922462535041
1.3901983373917195
1.274837524380878
1.590289532714149
1.5444535909924881
1.5573668757836248
1.245215772548854
1.6580443222818597
1.602002166009021
1.4311218833789163
1.6142670552437148
1.6995597177479485
1.4470472426601524
1.3958558732331205
1.4641066355663845
1.5267731627261785
1.3907962595185634
1.5784143783736149
1.5732364842061177
1.512755911633133
1.5265751350719958
1.667336985654337
1.4862560124710198
1.8057606039426524
1.586823499251167
1.4734033967371916
1.4289883748504488
1.7152577987726236
1.2311154415393495
1.5918511027855404
1.4653655360203515
1.5365546553533818
1.5765861212403773
1.6558236934664692
1.5476744262479083
1.50789836670111
1.6188584306062785
1.4479187411984593
1.6771662273830383
1.5644887021154106
1.7491691982915132
1.4078648147439403
1.6420272772634839
1.3527555957445763
1.4814930847509529
1.6452699452438684
1.4752292762062706
1.2883125045733455
1.6652937934716463
1.524889531886021
1.7883754519039972
1.7051527058371172
1.5858836607573317
1.4490558143488008
1.8358323823499092
1.5452822988480812
1.4172667395327998
1.6366581160762261
1.2345798480254115
1.350061455117814
1.5879645101127768
1.4379070144340462
1.4712408713441443
1.3373977158819392
1.5914301036744063
1.4835436524423444
1.637691605633036
1.4960478600091558
1.5387963134732932
1.6254807755999305
1.6768688306358386
1.3802546138064873
1.6115707953714509
1.583952831697075
1.4024457614669403
1.645788254909259
1.5261686294885557
1.4998543907382205
1.5037144047271407
1.5049806479692636
1.6284497758456316
1.311345927222164
1.5176059214777458
1.5969121125747032
1.6253350936250748
1.4076454392070292
1.6867674028906603
1.7002139408230383
1.5466912949865446
1.596461082991695
1.6076469758769014
1.4152948681252466
1.2896087940035408
1.8992418863985923
1.6972810671156862
1.8473642296547719
1.573827328059346
1.558202728988856
1.5242139960346501
1.6193785180709064
1.4944957130754901
1.3377310162236236
1.4716113808992233
1.560325529624602
1.3932399811850402
1.6944816178050108
1.476479693714463
1.2742668154414205
1.4780761826556046
1.530634365607445
1.5737382654031087
1.784203033209145
1.5622057845902464
1.430383967099154
1.5828622979837967
1.5302685889685204
1.481197907520891
1.3218508649940008
1.5558102676396344
1.5395815436087004
1.4647490855477494
2.159553573547524
1.5237131354405447
1.3786018874745118
1.3920038604692793
1.4855001082781942
1.3647869542147855
1.329193538276367
1.6914500143640687
1.9044912119936988
1.51811952834912
1.5442777337997162
1.526850798410104
1.468812008360445
1.8042296640423228
1.4222114449247207
1.3064760407152574
1.6765239437817647
1.7456076545853285
1.7173970889740573
1.5267249861748478
1.572074157520156
1.6711830625725057
1.326641757698035
1.5976997637950479
1.413104310260227
1.621570783835049
1.4973735559251717
1.7100073189555924
1.3146663737361861
1.822391512625952
1.635116182741228
1.4623389751585067
1.5049956500510098
1.464661434426374
1.6663102014963875
1.6301852817241271
1.5066241185670848
1.7296688124558979
1.4381256012560586
1.50946828737571
1.324342774280057
1.4872162727776599
1.5810406127877346
1.783364773660103
1.5273922129425916
1.6109602854818146
1.6515257462627786
1.604995764791099
1.5462836996741403
1.2842862260734955
1.407909447448046
1.6064650132566094
1.831645770286284
1.671528408155978
1.4295369858125562
1.7163194497989653
1.4371014149039758
1.4310408937729147
1.7096076543836574
1.4938310839167543
1.5519499486431665
1.3833792847026887
1.4489957090030696
1.3426290975721527
1.5526292057934274
1.705249653685529
1.4434371121271194
1.5384274503473367
1.7765123008920427
1.570662517148714
1.6829781210171642
1.523888923796527
1.6911932734176716
1.4506672975623884
1.7931315536303285
1.5623227505268784
1.5668282204806796
1.4601892931734066
1.2792206426254618
1.4281882185004608
1.3760019797170604
1.5057551011736352
1.497127665050386
1.6860318837784996
1.6607036979764573
1.3779981485366464
1.4471324998429618
1.7085852284934073
1.7284960475131008
1.4350698302998321
1.5439623845271853
1.6964607419388333
1.4144768637774137
1.587262509564143
1.5542296754486455
1.610957366622197
1.3622580972292824
1.6285062847221379
1.7070984980818746
1.4883898038982657
1.5856465031654725
1.618666221492894
1.5888493923760114
1.759321783185603
1.6324183013880162
1.7089624067177265
1.453171230803349
1.8379474542171
1.6827141720198575
1.4356107328627619
1.4279190912634125
1.63713181531121
1.4594832290598343
1.7451898115488702
1.7579859716562574
1.470116063259551
1.4200773036272945
1.401962464983736
1.4672505303544479
1.6010207276950996
1.7569137223545734
1.363886967554883
1.3177540615944108
1.45517009781791
1.6415037293141477
1.3702023078949321
1.461312684874541
1.4122658970741884
1.4523509398448757
1.7011126722661754
1.7126808196212342
1.6429886217319651
1.795124044446215
1.504300728269539
1.73493004656608
1.4875606885113803
1.784593546390095
1.5996754983716388
1.4785778784789538
1.6130072807733413
1.6755579741073099
1.3683767032189786
1.403860446040218
1.8144278062909975
1.6383626205651605
1.827348647736295
1.8195710086957644
1.2642922724928263
1.6903744749032092
1.4512969320038747
1.6548006608795092
1.607320496143635
1.5599796809503803
1.5764530085301318
1.4308592214468523
1.927653837912055
1.6231216008269567
1.5015423342734653
1.4589956271129205
1.5781747609169483
1.5931127844685675
1.3934017267693657
1.4805558714979707
1.5353576935234299
1.6147925635683236
1.6891539174427492
1.4327012616291088
1.7264384808220972
1.6571129198470036
1.6652866887534976
1.3800294779660927
1.4758318722049024
1.503591610364574
1.601599993793751
1.5812019392111138
1.4691951650129553
1.588075821318236
1.54452094905057
1.4946674893707776
1.4267898727527788
1.5718983741748223
1.3083033690687913
2.0871877482992187
1.8885458953423147
1.2898933238290982
1.6321859269357595
1.5158728117874518
1.5058175251362156
1.5475487287431515
1.5002058665949805
1.647935779532195
1.7127968601734245
1.5218580213157045
1.5011210924046785
1.6970577735298253
1.4603175228686238
1.6683712845015013
1.5900534655526575
1.4796875186436553
1.4878080303840417
1.6913941436758198
1.6092849811341257
1.3704706164165485
1.2810565441216302
1.6356326401832646
1.5536511374242643
1.4351194889578849
1.5468244818712267
1.5597436574263985
1.5201597675439993
1.7993219869363777
1.849830337750662
1.658424824096072
1.7128587650373148
1.538105739521937
1.6443731041872371
1.3433854324764438
1.6079096820773429
1.578974476231162
1.5502507519486364
1.5194830335197147
1.6354498060196014
1.4884305768029973
1.4593183103469085
1.3992774902466254
1.7234145248934722
1.7140420613129197
1.5359414596484382
1.5319619131333702
1.5455651208216286
1.7927439884829972
1.5151540432431738
1.335717074257174
1.5954372875248317
1.657402666052962
1.854230345139431
1.7260670846216626
1.660864049252097
1.5480918258056025
1.3811640444156423
1.652274277255787
1.3933484832241414
1.62053414381543
1.6082467367440778
1.3269919355087008
1.473754605043766
1.457344530060557
1.5240009305338404
1.3561489457650528
1.5073954659017115
1.6274247166855198
1.2506727714443575
1.3032497691862839
1.510331487466704
1.6585470674790384
1.737559519139896
1.3687026925494918
1.434297969846845
1.5198454741331486
1.526511834236165
1.6780098290595187
1.7108992742162523
1.4300321716462565
1.4487154824053632
1.5859117395261173
1.4079911654083435
1.3875758122473991
1.5372714694373817
1.4268945179705261
1.5627902274847076
1.2979502243236443
1.4434065571731889
1.4416402227933056
1.4603352730134134
1.5802684954222646
1.6288233279824413
1.3745416713491516
1.758653116191916
1.2871643246667046
1.338338711173305
1.5177487664752514
1.3931067834839586
1.6699171680626066
1.1913911866407603
1.2127506513817659
1.4411929536822243
1.434369181081928
1.3387070112481996
1.469725308129291
1.5659261848950499
1.4772460949625779
1.3931358285396422
1.6403580103830886
1.3804139649884148
1.485117833207928
1.4194394174365257
1.4074943818122119
1.1997776667714317
1.5958881441560564
1.5054274748691552
1.6373076089834708
1.5186431594985248
1.582836389857999
1.2856288774368378
1.367242658083175
1.5329464969043198
1.2568301585384127
1.4156582220570788
1.7152397826594155
1.416163351848406
1.4030310703105437
1.3660534033915561
1.503052232785406
1.6425091671341872
1.5413236157380166
1.393140010574368
1.5173285115325432
1.4214451277492113
1.3956927707956919
1.5763156248074537
1.5539359395148937
1.2755887833732968
1.3480986155630836
1.455375328738373
1.384720063599548
1.778621021204205
1.2397116019670293
1.7141793958001368
1.3967067942078615
1.268500821669038
1.417584174747169
1.741278600854838
1.501737942207486
1.4242085600335908
1.3372830901176334
1.4937145479981655
1.5119944497255458
1.414427803566165
1.4262299644283112
1.381629965327613
1.3931268780424266
1.4705706073058553
1.4556219963961725
1.3716531061209971
1.3978086346904468
1.465241204810694
1.4850267952669236
1.4203926300140093
1.3495106648521469
1.5412820865008034
1.6264658711685023
1.4912552396699086
1.4788473194276839
1.41467857908461
1.3462055473502357
1.4694453606677718
1.5727897857079989
1.6062317752219755
1.479298678212674
1.4262793333914514
1.4546844371040182
1.2609502044371723
1.2760174751809545
1.3423409791363194
1.3200883083644677
1.3910628896034152
1.4031432070140606
1.5652002142821133
1.2862393190249555
1.404081020948993
1.7089982863695923
1.6514800549115272
1.5224523028373869
1.5587463242364097
1.3138119122715588
1.4718571428631946
1.411892186085879
1.412028408558864
1.481222269412863
1.579486367440779
1.5410336551316952
1.3818655443885286
1.3470629983180769
1.4109241363841512
1.4465336618385425
1.6177899587707798
1.549642672874955
1.577596419028999
1.4683785916063319
1.5271770202338595
1.6615649159686956
1.7105880481334057
1.4328757548023348
1.327023561547017
1.2354925763078346
1.5510763274430583
1.4100223683948703
1.5453754395655928
1.511150505281077
1.3370415483644387
1.7136049879743118
1.5008716195427338
1.408456397814268
1.4141099428432509
1.4622934125109346
1.3406561542220352
1.3326171111008904
1.3122604819254124
1.3617831619098986
1.4398969694047674
1.4331393328540163
1.4988039719048958
1.579218691616179
1.308179824300834
1.4541040150078022
1.4900351153513893
1.4173903311783225
1.5682638981138057
1.4977826107869487
1.234459352681736
1.3924563631232483
1.3479324603607274
1.4924789020386913
1.419680816200307
1.397820038834674
1.3728352902141592
1.4550219712580452
1.5160079557208304
1.5417808339224728
1.5195730279843631
1.4613755596477689
1.3377442955630765
1.246785071714366
1.432053841888227
1.3022481391000098
1.5690983987414757
1.5818512721811566
1.3027497817212186
1.3116423603438274
1.4916056048720578
1.5530542261783264
1.4860423601361687
1.3088898483525977
1.4544932802426431
1.5455487166340423
1.461862079598589
1.5568506351469973
1.4774920234715594
1.3618849437466827
1.3077995338980621
1.465778984333503
1.7145620145138456
1.5466648220366255
1.2622556570828423
1.3967404719939627
1.239784590526707
1.7616803317746328
1.4101584593154792
1.498638399880607
1.5235572084404319
1.4470628783304114
1.4039238940141703
1.541940183566198
1.588908483118001
1.3197708328904916
