Average of all highest accuracies is: 0.7827654399999968
Highest of all highest accuracies is: 0.8896000000000004
0.7632000000000001
0.7520000000000002
0.7360000000000002
0.7248
0.7567999999999999
0.7216000000000001
0.6896000000000001
0.6464
0.6400000000000001
0.6352
0.6816
0.7120000000000002
0.7232000000000001
0.6928000000000002
0.7296000000000002
0.7136000000000001
0.7136000000000001
0.7392
0.7040000000000001
0.7376
0.7344000000000002
0.7264000000000002
0.7296
0.7104
0.7056
0.72
0.7104
0.7376
0.7312000000000002
0.7152000000000001
0.7104
0.696
0.6608000000000002
0.6784000000000002
0.6432000000000001
0.6687999999999998
0.6816
0.6384000000000001
0.7280000000000001
0.7408000000000002
0.8080000000000003
0.7872000000000002
0.7808000000000004
0.7728
0.7696
0.7584000000000001
0.7808000000000002
0.7648000000000001
0.7424000000000001
0.7664000000000002
0.7488000000000001
0.752
0.7472
0.7568000000000003
0.7584000000000002
0.7776000000000002
0.7744000000000001
0.7856000000000002
0.7968000000000004
0.7792000000000001
0.8000000000000002
0.8064
0.8304000000000002
0.8144000000000002
0.7792
0.7616000000000003
0.7584000000000001
0.7904000000000001
0.7712000000000002
0.7728000000000002
0.7936000000000003
0.7904000000000002
0.76
0.7440000000000002
0.7392
0.7296
0.7280000000000001
0.7696000000000002
0.7472000000000001
0.7584000000000001
0.7312000000000002
0.7920000000000003
0.7472000000000001
0.7456000000000002
0.7520000000000002
0.7408000000000002
0.7728
0.7840000000000003
0.7728
0.784
0.7664
0.7807999999999999
0.736
0.752
0.7599999999999999
0.7680000000000002
0.7616
0.7424000000000001
0.7776000000000002
0.7536000000000002
0.7312000000000002
0.7711999999999999
0.7936000000000001
0.7744000000000001
0.7408
0.6975999999999999
0.7360000000000003
0.7472
0.7344000000000003
0.7711999999999999
0.7584000000000001
0.8384
0.8624
0.8351999999999998
0.8368000000000001
0.7968000000000002
0.7664000000000002
0.7728
0.752
0.7648
0.7536
0.7392000000000003
0.6896000000000001
0.7104
0.7520000000000002
0.7264
0.7072000000000002
0.7184000000000001
0.6703999999999999
0.6784
0.7552000000000001
0.6800000000000002
0.6816000000000001
0.6736
0.6607999999999999
0.6576000000000001
0.6448000000000002
0.6672
0.6864000000000001
0.6704000000000001
0.6112
0.64
0.6288000000000001
0.6816000000000001
0.6736000000000001
0.7024000000000001
0.7344000000000002
0.7344000000000002
0.7487999999999999
0.7648
0.7824000000000001
0.7728000000000002
0.7376000000000001
0.7680000000000002
0.7792
0.7552
0.7504
0.7872
0.7920000000000003
0.7888000000000001
0.8160000000000004
0.8352000000000003
0.8320000000000001
0.8320000000000002
0.8528000000000001
0.8304000000000002
0.7968000000000001
0.7664000000000002
0.7888000000000003
0.7936000000000001
0.7760000000000004
0.7696000000000001
0.7328000000000001
0.76
0.7663999999999999
0.7712000000000002
0.7200000000000002
0.7455999999999999
0.7376
0.7472000000000001
0.7824000000000001
0.7808000000000002
0.7632000000000003
0.7536000000000002
0.7472000000000001
0.7584000000000001
0.7936000000000001
0.7968000000000001
0.7712000000000002
0.7616000000000003
0.7600000000000001
0.7584000000000001
0.7664000000000002
0.7600000000000001
0.7632000000000002
0.7424000000000001
0.784
0.7664
0.7808000000000003
0.7632000000000001
0.7424000000000001
0.7824000000000001
0.7632000000000001
0.7408000000000002
0.7680000000000001
0.7664000000000003
0.7808000000000002
0.7952000000000002
0.8096000000000001
0.8400000000000002
0.8208000000000001
0.8384
0.8032
0.7808000000000003
0.7552000000000002
0.7904000000000001
0.7824000000000002
0.7504
0.7663999999999999
0.7344000000000002
0.7456000000000002
0.7376
0.7120000000000002
0.7008
0.7152000000000001
0.7248000000000002
0.7408000000000002
0.7408
0.7680000000000002
0.7552000000000001
0.7728
0.8192000000000002
0.7728000000000002
0.7904000000000002
0.7888
0.7680000000000001
0.7728000000000002
0.7920000000000001
0.8096000000000001
0.7984000000000003
0.792
0.7856000000000002
0.7984000000000002
0.8016000000000001
0.8048000000000002
0.8112
0.8288
0.7968000000000001
0.8223999999999999
0.8480000000000003
0.8288000000000002
0.8096000000000001
0.8528000000000001
0.8528000000000003
0.8544000000000003
0.8496000000000002
0.8464000000000002
0.8368000000000001
0.8208000000000003
0.8192000000000002
0.8640000000000001
0.8496000000000002
0.8272000000000002
0.8192000000000003
0.8032000000000002
0.8192000000000003
0.7904000000000002
0.8160000000000001
0.8480000000000001
0.8464000000000002
0.8096000000000002
0.8432000000000002
0.8528000000000001
0.8543999999999999
0.8704000000000001
0.8528000000000003
0.8319999999999999
0.8256
0.8544000000000004
0.8320000000000002
0.8368000000000001
0.8000000000000003
0.8160000000000001
0.7904000000000001
0.816
0.8000000000000002
0.8368000000000001
0.8416000000000001
0.8320000000000004
0.8464
0.8096000000000002
0.8048000000000001
0.8160000000000003
0.8304000000000002
0.8256000000000001
0.7824000000000002
0.7631999999999999
0.7792
0.7744000000000001
0.8304
0.7872000000000001
0.7824000000000002
0.7904000000000002
0.8128000000000003
0.8032000000000002
0.8
0.7343999999999999
0.7248
0.7632000000000001
0.7536000000000002
0.8080000000000002
0.8016000000000001
0.7984000000000002
0.8112
0.7760000000000002
0.7712000000000002
0.7552
0.7008000000000001
0.7264000000000002
0.7568000000000003
0.7808000000000003
0.7312000000000001
0.7759999999999999
0.8
0.7744000000000001
0.7647999999999999
0.7872000000000002
0.8320000000000003
0.8192000000000002
0.816
0.8272000000000002
0.8080000000000002
0.8048000000000002
0.8064000000000001
0.8256000000000001
0.8480000000000001
0.8240000000000002
0.8016000000000001
0.8128
0.8336000000000001
0.8544000000000002
0.8624000000000003
0.8528000000000001
0.8416
0.8607999999999998
0.8719999999999999
0.8688000000000002
0.8496000000000001
0.8367999999999999
0.8448000000000003
0.8224000000000001
0.8128
0.8384000000000001
0.8416000000000001
0.7792000000000003
0.784
0.7759999999999999
0.7792
0.7824000000000001
0.8160000000000001
0.8288000000000002
0.8064000000000001
0.7904000000000001
0.7744000000000001
0.8032
0.8112000000000001
0.7808000000000002
0.7648
0.7504000000000001
0.7648
0.7744000000000001
0.7856000000000002
0.7872000000000001
0.7600000000000001
0.7487999999999999
0.7376
0.7408
0.7232000000000002
0.7184000000000001
0.7296000000000002
0.7023999999999999
0.6976
0.6976
0.7136000000000001
0.7408
0.7296
0.7424000000000003
0.7424000000000001
0.7568000000000003
0.7296
0.7104000000000003
0.7360000000000001
0.7616
0.8
0.8144000000000001
0.7984
0.7824000000000001
0.7824000000000002
0.7600000000000002
0.8016000000000001
0.8176000000000001
0.8256
0.8000000000000002
0.7536000000000002
0.7167999999999999
0.7584000000000002
0.7344000000000002
0.7072000000000002
0.7472000000000001
0.7391999999999999
0.7312000000000001
0.7456000000000002
0.7856000000000002
0.792
0.8352000000000004
0.8352
0.8496000000000002
0.8512000000000002
0.8256000000000001
0.8432000000000002
0.8368000000000002
0.8496000000000002
0.8592000000000003
0.8608000000000002
0.8448000000000003
0.8672
0.8560000000000002
0.8608000000000001
0.8384
0.8192000000000002
0.8144000000000002
0.816
0.8000000000000002
0.8080000000000002
0.7792
0.7552000000000001
0.7888000000000003
0.7808000000000002
0.7904000000000003
0.7440000000000002
0.7504000000000001
0.7232000000000001
0.7424000000000001
0.7520000000000002
0.7472000000000003
0.7584000000000001
0.8160000000000001
0.8144
0.8272000000000003
0.8160000000000001
0.8192000000000002
0.8400000000000003
0.8336000000000005
0.8208000000000001
0.8368000000000001
0.8256
0.8368000000000001
0.8224000000000002
0.8448000000000003
0.7984
0.8144000000000001
0.7567999999999999
0.7631999999999999
0.7456000000000002
0.7248
0.7152
0.7680000000000001
0.7344000000000002
0.7616
0.7792000000000001
0.7407999999999998
0.7343999999999999
0.7296
0.7472000000000001
0.7376
0.6912
0.6864
0.7360000000000001
0.6864000000000003
0.6800000000000002
0.6896000000000001
0.7024000000000001
0.6784
0.7408000000000002
0.7519999999999999
0.7440000000000002
0.7808000000000003
0.7632000000000001
0.7488000000000001
0.8000000000000003
0.7856000000000003
0.7952000000000001
0.7952000000000002
0.7776000000000002
0.7728000000000002
0.7728000000000003
0.7952000000000002
0.7648
0.7968000000000001
0.7904000000000001
0.7600000000000001
0.7792000000000001
0.7728000000000002
0.7232000000000001
0.7088000000000001
0.7152000000000001
0.7456000000000002
0.7664
0.7552000000000001
0.7696000000000001
0.7776000000000001
0.7600000000000001
0.7488000000000001
0.7328000000000001
0.7103999999999999
0.7040000000000002
0.736
0.7088000000000001
0.6528
0.6416000000000003
0.6608000000000002
0.6768000000000001
0.6752000000000001
0.6672
0.6768
0.6512
0.6688000000000001
0.632
0.6672
0.704
0.7440000000000001
0.7216000000000001
0.7456
0.7552000000000001
0.7232000000000002
0.752
0.76
0.7359999999999998
0.7568
0.7040000000000002
0.7536000000000002
0.7248
0.7808000000000002
0.7776000000000002
0.7840000000000003
0.8096000000000001
0.8080000000000002
0.8128000000000003
0.7856000000000002
0.8080000000000003
0.7744000000000001
0.7616000000000003
0.7728
0.7600000000000001
0.7312000000000001
0.7600000000000001
0.7744000000000003
0.7728
0.7760000000000001
0.7168000000000001
0.7312000000000001
0.7599999999999999
0.8048000000000001
0.7744000000000001
0.8160000000000001
0.8192000000000002
0.8176000000000001
0.8208000000000001
0.8144000000000002
0.7776000000000002
0.7712000000000002
0.8271999999999999
0.7968000000000002
0.8352
0.8192000000000002
0.8
0.7839999999999999
0.7744000000000001
0.7792
0.7536000000000002
0.7951999999999999
0.8016000000000001
0.7952000000000002
0.7712
0.7264
0.768
0.7824000000000001
0.7232000000000001
0.7232000000000002
0.7488000000000002
0.752
0.7424
0.7456
0.7968000000000002
0.7520000000000002
0.7456000000000002
0.6928
0.7040000000000001
0.7216000000000001
0.6944000000000001
0.7152000000000003
0.7167999999999999
0.7152000000000001
0.7167999999999999
0.7552000000000001
0.7424000000000003
0.7440000000000001
0.7232000000000001
0.7152
0.7071999999999999
0.6880000000000002
0.696
0.7024000000000001
0.6736
0.7167999999999999
0.7343999999999999
0.7168000000000001
0.6896000000000001
0.6960000000000002
0.6896000000000001
0.6544
0.7168000000000001
0.7280000000000001
0.7008
0.7264000000000002
0.7424000000000001
0.7552
0.768
0.7648000000000004
0.7744
0.7088000000000002
0.6976
0.7296
0.7584000000000002
0.7727999999999998
0.7856000000000002
0.7808000000000003
0.7568
0.7552000000000001
0.7728000000000002
0.7552000000000001
0.7600000000000001
0.7168000000000002
0.7472
0.7648
0.7792000000000001
0.8288
0.8160000000000003
0.7984
0.7504000000000004
0.7824000000000001
0.7904000000000001
0.8144000000000005
0.7952000000000002
0.7632000000000001
0.7472
0.7472000000000003
0.7808000000000003
0.7712
0.7824
0.8192000000000002
0.7504000000000001
0.7280000000000002
0.7440000000000002
0.7616000000000003
0.7568
0.7696000000000002
0.7632000000000001
0.7648000000000001
0.7136000000000001
0.7248
0.7728000000000002
0.7760000000000001
0.7504000000000002
0.7936000000000003
0.8399999999999999
0.848
0.8224000000000001
0.7936000000000001
0.7984000000000002
0.7792000000000001
0.784
0.7567999999999999
0.7088
0.7824
0.8048000000000001
0.7680000000000002
0.8096000000000001
0.7872
0.8048000000000002
0.8096000000000002
0.7856000000000002
0.8144000000000002
0.8224000000000002
0.7984000000000002
0.8256000000000001
0.8304000000000004
0.8016000000000001
0.8096000000000001
0.8319999999999999
0.8192000000000002
0.8224000000000004
0.8383999999999997
0.8416000000000001
0.8192
0.8464000000000002
0.8240000000000002
0.8384000000000001
0.8128000000000003
0.8112000000000001
0.7920000000000001
0.8032
0.8352
0.8368000000000002
0.8368000000000001
0.8480000000000003
0.8384000000000001
0.8288000000000002
0.7936000000000003
0.7728
0.8144000000000001
0.7936000000000003
0.8304000000000004
0.8144000000000001
0.8112
0.7951999999999999
0.7936
0.8032
0.7936
0.8272000000000002
0.8416000000000001
0.8448000000000002
0.8271999999999999
0.8031999999999999
0.8064000000000001
0.8
0.7920000000000003
0.7968
0.7856000000000001
0.7952000000000001
0.8224000000000004
0.7760000000000001
0.8079999999999999
0.7856000000000002
0.7664000000000002
0.7568
0.7792000000000001
0.768
0.7200000000000002
0.7056000000000001
0.7232000000000002
0.7375999999999999
0.6928000000000002
0.6816000000000001
0.6800000000000002
0.7056
0.7568000000000003
0.8128
0.8320000000000002
0.8256000000000003
0.8080000000000002
0.8144
0.8064000000000001
0.8080000000000002
0.8000000000000002
0.7456
0.7504000000000002
0.7344000000000002
0.7343999999999999
0.7344000000000003
0.7456
0.7392000000000002
0.7040000000000001
0.7024000000000001
0.6864000000000003
0.6880000000000002
0.7343999999999999
0.7232000000000001
0.7376
0.7392000000000002
0.7440000000000001
0.72
0.7056
0.7136000000000001
0.728
0.7376
0.7295999999999999
0.7472000000000001
0.7424
0.7728000000000002
0.7968000000000001
0.7792000000000001
0.7999999999999998
0.784
0.8144000000000001
0.7872
0.7872
0.7552000000000001
0.7936000000000003
0.7536000000000003
0.7728000000000002
0.7888000000000001
0.7904000000000001
0.8048000000000001
0.8240000000000002
0.8240000000000002
0.8288000000000002
0.8096000000000001
0.8032000000000002
0.7856000000000002
0.7856000000000002
0.7952000000000002
0.7968
0.7839999999999999
0.7920000000000001
0.7840000000000003
0.7984000000000002
0.8160000000000003
0.7984000000000002
0.7392000000000002
0.7567999999999999
0.7567999999999999
0.7328
0.6912000000000001
0.7200000000000002
0.7024000000000001
0.7119999999999999
0.7424000000000003
0.7952000000000001
0.8256000000000001
0.8272000000000003
0.8352
0.8448000000000002
0.8432000000000001
0.8544000000000002
0.8608000000000001
0.8528000000000003
0.8672000000000001
0.8336000000000002
0.8288000000000001
0.856
0.8448000000000002
0.8352000000000003
0.8176000000000001
0.8256000000000003
0.8032000000000002
0.7888000000000001
0.7968000000000001
0.7936000000000001
0.7807999999999999
0.7600000000000001
0.7728000000000002
0.7343999999999999
0.7536000000000002
0.7728000000000002
0.784
0.8048000000000002
0.7903999999999999
0.8047999999999998
0.8256000000000001
0.8320000000000002
0.8304000000000002
0.7968000000000001
0.792
0.8032000000000004
0.7968000000000002
0.768
0.8143999999999998
0.8352000000000003
0.8400000000000002
0.8080000000000002
0.8464
0.8064
0.8112000000000001
0.8144000000000001
0.8079999999999999
0.8624000000000003
0.8272000000000003
0.8192000000000002
0.8352000000000003
0.8096000000000001
0.7872000000000002
0.8208
0.8176000000000002
0.8096000000000002
0.8080000000000002
0.84
0.8352
0.856
0.8512000000000002
0.8480000000000003
0.8368000000000002
0.8240000000000001
0.8256000000000001
0.8288000000000001
0.8543999999999999
0.8608000000000002
0.8512000000000002
0.8480000000000004
0.8352000000000003
0.7824000000000001
0.7424000000000001
0.7552000000000001
0.7359999999999998
0.7376
0.7184
0.7200000000000002
0.7504
0.784
0.8000000000000002
0.7872000000000002
0.7472000000000001
0.7456
0.7552
0.8016
0.8032000000000004
0.8288000000000001
0.8384000000000004
0.8480000000000004
0.8256000000000001
0.8016000000000002
0.7968000000000002
0.8303999999999999
0.8560000000000001
0.8512000000000001
0.8688000000000002
0.8608000000000002
0.8496000000000001
0.8223999999999999
0.8496000000000002
0.8304000000000002
0.7952000000000001
0.8032000000000002
0.8288000000000001
0.8512000000000001
0.8640000000000002
0.8640000000000001
0.8496000000000001
0.8079999999999999
0.7904000000000002
0.8272000000000003
0.8496000000000002
0.8560000000000002
0.8736000000000002
0.8592
0.8448000000000003
0.8303999999999998
0.8320000000000002
0.8080000000000002
0.7872000000000001
0.8064
0.7840000000000003
0.7488000000000001
0.7311999999999999
0.7120000000000001
0.7264
0.7071999999999998
0.672
0.7136000000000001
0.7328
0.7296
0.7504000000000002
0.7328
0.7472
0.7312000000000001
0.7456000000000002
0.7456000000000002
0.7504000000000001
0.7904000000000001
0.7536
0.7424000000000003
0.7440000000000001
0.7392
0.7088000000000001
0.7040000000000001
0.7376
0.752
0.7519999999999999
0.7247999999999999
0.7568
0.7616
0.7631999999999999
0.7296000000000002
0.7232000000000002
0.7264
0.7328000000000001
0.7392000000000002
0.7568000000000003
0.7936000000000001
0.816
0.8208000000000003
0.8064
0.8080000000000002
0.7744
0.7856000000000002
0.7920000000000001
0.8128000000000002
0.8096000000000002
0.7936000000000003
0.7919999999999999
0.8032
0.8128000000000002
0.7744000000000001
0.8
0.7968000000000001
0.7728
0.7776000000000002
0.7632000000000002
0.7504000000000002
0.7456000000000002
0.7504000000000001
0.7520000000000002
0.7504
0.7728
0.7824
0.7920000000000003
0.7984000000000002
0.7664000000000002
0.7200000000000002
0.7120000000000001
0.7040000000000002
0.7504000000000001
0.7584000000000002
0.7312000000000001
0.7376000000000001
0.7504000000000002
0.7744000000000003
0.7808000000000002
0.7888000000000001
0.8160000000000001
0.7504000000000001
0.7536
0.7216000000000001
0.7024000000000001
0.7120000000000001
0.7296
0.7152000000000001
0.728
0.7440000000000002
0.7344000000000003
0.7392000000000002
0.7296
0.7824
0.7808000000000003
0.7856000000000001
0.8144000000000001
0.7728
0.7792
0.8144000000000001
0.8192000000000002
0.8128000000000003
0.8224000000000001
0.8096000000000003
0.7888000000000003
0.8240000000000002
0.8192000000000003
0.8240000000000002
0.7776000000000003
0.768
0.8144000000000002
0.7888000000000003
0.7552
0.7664000000000002
0.7472000000000001
0.6960000000000001
0.6896000000000002
0.6704000000000001
0.7072000000000002
0.6768000000000001
0.7056
0.7360000000000001
0.7472000000000001
0.7392000000000002
0.7392
0.7487999999999999
0.7103999999999999
0.7568
0.7583999999999999
0.7872
0.7808000000000002
0.7376000000000001
0.736
0.7520000000000002
0.7536
0.7776000000000003
0.7856000000000002
0.7968000000000002
0.7600000000000001
0.7312000000000002
0.7568000000000004
0.7184
0.7200000000000002
0.7232000000000001
0.7248000000000002
0.7136
0.6272
0.6896
0.7264000000000002
0.7536000000000002
0.7392
0.7280000000000002
0.7408
0.7296
0.7792
0.7760000000000002
0.7904000000000002
0.7744000000000001
0.7760000000000001
0.8143999999999998
0.8128000000000002
0.8368000000000002
0.816
0.8400000000000004
0.8191999999999999
0.8496000000000002
0.8416000000000002
0.8496000000000001
0.8400000000000003
0.8352
0.8495999999999999
0.8464000000000002
0.8431999999999998
0.8464
0.8576000000000001
0.8320000000000002
0.8592000000000003
0.8416000000000001
0.8208
0.8320000000000002
0.8096000000000001
0.7888
0.8128000000000002
0.7712000000000003
0.768
0.7728000000000002
0.7984000000000003
0.7808000000000003
0.7776
0.8176000000000002
0.8335999999999999
0.8528000000000001
0.8272000000000002
0.8672000000000001
0.8528
0.8608000000000001
0.8288000000000001
0.8560000000000002
0.8576
0.8512000000000002
0.8464
0.8368000000000002
0.8543999999999999
0.8560000000000003
0.8352
0.7952000000000001
0.8016000000000001
0.8000000000000003
0.8336000000000001
0.8256000000000001
0.8400000000000004
0.8528000000000003
0.8352000000000003
0.8368000000000001
0.8576000000000001
0.8176000000000003
0.7984000000000002
0.8079999999999999
0.8464000000000002
0.8448
0.8000000000000003
0.7632000000000001
0.7984
0.7680000000000001
0.7759999999999998
0.7984
0.7728000000000003
0.7872000000000001
0.8176000000000001
0.8016000000000002
0.8032
0.8016000000000002
0.8016000000000001
0.8016000000000002
0.8048000000000002
0.7664
0.7456
0.7936000000000001
0.7584000000000002
0.7232000000000001
0.6768000000000002
0.7328000000000003
0.7888
0.7504000000000001
0.7615999999999999
0.7776
0.7920000000000003
0.8080000000000003
0.7680000000000001
0.792
0.7728000000000003
0.752
0.7600000000000001
0.8160000000000001
0.8000000000000002
0.7792000000000001
0.8048000000000001
0.8192
0.8224000000000001
0.8304
0.8528000000000003
0.8352
0.8032000000000002
0.7888000000000001
0.7984000000000002
0.8272000000000003
0.8000000000000002
0.792
0.7808000000000003
0.7536
0.76
0.7984
0.8016000000000001
0.8032000000000002
0.8192000000000003
0.7759999999999999
0.784
0.7696
0.7936000000000001
0.7552000000000001
0.76
0.7920000000000001
0.7968000000000001
0.8064
0.8032
0.7648
0.752
0.7408000000000001
0.7311999999999999
0.6944000000000001
0.7136000000000001
0.7424000000000001
0.7264000000000002
0.7408000000000001
0.7856000000000001
0.7520000000000002
0.7664000000000002
0.7632000000000001
0.7872000000000001
0.7664
0.7536
0.7552000000000002
0.7952000000000002
0.7904000000000001
0.7728000000000003
0.8064
0.816
0.8336000000000005
0.8400000000000003
0.84
0.8272000000000003
0.8352000000000003
0.8288000000000001
0.8368000000000001
0.8000000000000002
0.7856000000000001
0.7872
0.7456000000000002
0.7295999999999999
0.7216000000000001
0.7519999999999999
0.8208000000000003
0.7904000000000002
0.7616
0.7536000000000002
0.7984000000000002
0.8032
0.7760000000000001
0.7920000000000001
0.8304000000000004
0.8000000000000002
0.7951999999999999
0.8368000000000003
0.8320000000000001
0.8320000000000001
0.8048000000000002
0.7872000000000001
0.76
0.7664000000000002
0.7360000000000002
0.8192000000000002
0.76
0.7376000000000001
0.8016000000000001
0.7712
0.7824000000000001
0.7952000000000001
0.8032000000000002
0.7680000000000001
0.7552000000000001
0.7056000000000001
0.6992
0.7183999999999999
0.6960000000000001
0.7264000000000002
0.7424
0.768
0.7456000000000002
0.7664
0.8064000000000003
0.7984000000000003
0.8112000000000001
0.7728
0.7792000000000001
0.8175999999999999
0.8336000000000001
0.8208000000000001
0.8288000000000001
0.8224000000000001
0.8128000000000002
0.8160000000000004
0.8112000000000001
0.8144
0.7936000000000001
0.8080000000000003
0.8000000000000002
0.7824
0.7632000000000002
0.7728
0.7696000000000001
0.7936000000000001
0.7984
0.8176000000000001
0.8240000000000005
0.7920000000000001
0.7904000000000002
0.8448
0.8144000000000002
0.8368000000000002
0.84
0.8608000000000002
0.8448000000000002
0.816
0.7984000000000003
0.7872
0.8224000000000002
0.8128000000000002
0.7903999999999999
0.7952000000000001
0.8016000000000001
0.8080000000000003
0.8304000000000002
0.8352000000000003
0.7920000000000001
0.7759999999999999
0.8000000000000002
0.7856000000000002
0.8208000000000003
0.8368000000000002
0.8448000000000002
0.8240000000000003
0.8032000000000002
0.7856000000000001
0.7632000000000001
0.7648000000000001
0.7648
0.7664000000000002
0.7760000000000002
0.7504000000000001
0.7264
0.7440000000000001
0.7440000000000002
0.7648000000000001
0.7408000000000001
0.7456000000000002
0.7200000000000002
0.7264000000000002
0.7216
0.7040000000000001
0.7552000000000001
0.7552000000000001
0.7712
0.7504000000000002
0.7375999999999999
0.7440000000000001
0.7647999999999999
0.7712000000000002
0.752
0.7888000000000003
0.8208000000000001
0.7952000000000002
0.8064
0.7488000000000001
0.7888000000000001
0.7856000000000002
0.816
0.8064
0.8016
0.8096000000000001
0.8064
0.7664000000000002
0.7712000000000002
0.7968000000000004
0.8016000000000002
0.7888000000000001
0.7439999999999999
0.7728000000000002
0.7616000000000003
0.7888000000000004
0.7376
0.7120000000000001
0.7248000000000002
0.7088000000000001
0.6672000000000001
0.6688
0.7568
0.7648000000000001
0.7632000000000001
0.7664000000000003
0.7600000000000001
0.7648
0.816
0.8304000000000002
0.8288
0.8368000000000002
0.8192000000000003
0.8496000000000002
0.8496000000000002
0.8560000000000001
0.8432000000000002
0.8448000000000002
0.8320000000000002
0.8544000000000003
0.8352000000000003
0.8336000000000001
0.8272000000000002
0.8464000000000002
0.8160000000000003
0.8176000000000002
0.8080000000000002
0.8128000000000003
0.8304000000000002
0.8320000000000001
0.8160000000000001
0.8128000000000002
0.7984000000000003
0.8256
0.7904000000000001
0.7952000000000001
0.7632000000000002
0.7312000000000002
0.7584000000000002
0.7616
0.7536
0.7184
0.7680000000000002
0.7760000000000002
0.7968000000000001
0.7680000000000001
0.7280000000000001
0.7408
0.7744
0.7152000000000001
0.7487999999999999
0.7168000000000001
0.7264
0.7536000000000002
0.7792000000000001
0.7616000000000003
0.7712000000000002
0.7392000000000002
0.7104000000000003
0.7263999999999998
0.7487999999999999
0.7552000000000002
0.7120000000000002
0.7120000000000002
0.7056000000000001
0.7232000000000001
0.7488000000000001
0.7856000000000001
0.7344000000000002
0.7504000000000001
0.7520000000000002
0.7536000000000002
0.7280000000000002
0.7280000000000001
0.7504000000000001
0.7744000000000001
0.7904000000000002
0.7424
0.7600000000000001
0.7360000000000001
0.7712
0.7375999999999999
0.7152000000000001
0.7088
0.7056
0.6944000000000001
0.728
0.6960000000000001
0.6752000000000001
0.6592
0.6335999999999999
0.6591999999999999
0.6704000000000001
0.7071999999999999
0.7376000000000001
0.7168000000000001
0.7312000000000002
0.7343999999999999
0.752
0.8096000000000003
0.7776000000000001
0.8160000000000001
0.7712
0.7792000000000003
0.7360000000000002
0.6880000000000002
0.6848000000000001
0.7360000000000001
0.6864000000000001
0.696
0.7008000000000001
0.6864000000000001
0.6799999999999998
0.6768000000000001
0.7056000000000001
0.7424000000000001
0.7760000000000002
0.7759999999999999
0.7664
0.7856000000000001
0.7632000000000002
0.7456
0.7615999999999999
0.768
0.8
0.7951999999999999
0.8256
0.8176000000000001
0.8320000000000002
0.8304000000000002
0.7936000000000001
0.8048000000000001
0.7776000000000001
0.7312000000000001
0.696
0.6704000000000001
0.6560000000000001
0.6768000000000002
0.6000000000000002
0.6272
0.7088000000000001
0.7136000000000001
0.6976
0.7696000000000001
0.7840000000000004
0.7615999999999999
0.7936000000000001
0.7824000000000002
0.7632000000000001
0.8079999999999999
0.824
0.8320000000000002
0.8432000000000004
0.8384000000000001
0.8096000000000001
0.8144000000000002
0.8224000000000002
0.8144000000000001
0.7807999999999999
0.7984000000000002
0.7632000000000002
0.8256000000000003
0.8240000000000002
0.8704000000000004
0.8735999999999998
0.8832000000000002
0.8448000000000002
0.8640000000000003
0.8704
0.8640000000000003
0.8592000000000002
0.8208000000000001
0.8512000000000002
0.8560000000000001
0.8544000000000002
0.8480000000000003
0.8400000000000002
0.8608000000000001
0.8432000000000001
0.8256
0.8288000000000001
0.8480000000000001
0.8288000000000001
0.8096000000000002
0.8288000000000002
0.8016
0.8224000000000001
0.8288
0.8000000000000002
0.8016000000000001
0.7968000000000001
0.7936
0.7536000000000003
0.7344000000000003
0.7248
0.6928
0.7120000000000001
0.7440000000000001
0.7840000000000003
0.752
0.7616
0.8128
0.816
0.8144000000000001
0.8224000000000002
0.8047999999999998
0.7856000000000002
0.7728000000000002
0.7968000000000002
0.7552
0.7568000000000003
0.7408
0.7551999999999999
0.7312000000000001
0.7375999999999999
0.7424000000000001
0.7008
0.6816000000000001
0.7136000000000001
0.7024000000000002
0.7392000000000002
0.7408000000000001
0.7296
0.7040000000000002
0.7328
0.752
0.7375999999999999
0.7295999999999999
0.7360000000000002
0.7600000000000002
0.7616
0.7344000000000003
0.7552
0.7648
0.7376
0.7488000000000001
0.8096
0.8208000000000001
0.7584000000000003
0.752
0.7504000000000001
0.8111999999999999
0.7935999999999999
0.7824
0.7327999999999999
0.7536000000000002
0.7280000000000001
0.6864
0.7103999999999999
0.7168000000000002
0.7568
0.7264000000000002
0.7440000000000001
0.7168000000000001
0.7343999999999998
0.7504000000000002
0.7168000000000001
0.6560000000000001
0.6848000000000001
0.6960000000000002
0.6960000000000002
0.6784
0.6704000000000001
0.6576000000000002
0.6896000000000001
0.6927999999999999
0.7264000000000002
0.7216
0.7216
0.7744000000000001
0.7744000000000001
0.7776000000000001
0.8096000000000001
0.8079999999999999
0.7807999999999999
0.8352
0.8112000000000004
0.8192
0.7951999999999999
0.7888000000000003
0.7759999999999999
0.8464000000000002
0.8016
0.8112
0.8112000000000001
0.856
0.8352
0.8224000000000002
0.8096
0.8160000000000001
0.8000000000000002
0.8208000000000001
0.8176000000000002
0.8160000000000003
0.7648
0.8000000000000003
0.7824000000000001
0.7696
0.7343999999999999
0.7696
0.7648
0.7568
0.7760000000000001
0.7024000000000001
0.704
0.7648000000000001
0.7472000000000001
0.7856000000000002
0.7680000000000002
0.7808000000000002
0.816
0.8096
0.7920000000000003
0.7904000000000001
0.8384000000000004
0.8192000000000002
0.8544000000000002
0.8496000000000001
0.8432000000000001
0.8560000000000001
0.8448
0.8272000000000002
0.8480000000000003
0.8368000000000003
0.8096000000000001
0.7856000000000003
0.7856000000000001
0.7696000000000001
0.7856000000000001
0.7904000000000001
0.8176000000000001
0.7888000000000001
0.7776000000000003
0.7728000000000002
0.7936000000000001
0.8208000000000001
0.8096000000000001
0.7792000000000001
0.7808000000000002
0.7904000000000002
0.7760000000000001
0.7728
0.7952000000000001
0.7968000000000001
0.8303999999999999
0.8016
0.8064
0.8111999999999999
0.7711999999999999
0.8192
0.7952000000000001
0.7792
0.7776000000000001
0.76
0.7776000000000002
0.8016000000000002
0.8416000000000001
0.8240000000000001
0.8224000000000001
0.8368000000000001
0.8112000000000001
0.8255999999999999
0.8288000000000001
0.8016000000000002
0.7952000000000001
0.7680000000000001
0.7663999999999999
0.7360000000000001
0.7295999999999999
0.7216000000000001
0.7312000000000001
0.7344000000000002
0.7440000000000001
0.7472000000000003
0.7440000000000001
0.7759999999999999
0.7616
0.8064000000000001
0.8208000000000001
0.8000000000000002
0.8096000000000001
0.8048000000000002
0.8128000000000002
0.8208000000000001
0.8192000000000003
0.7600000000000001
0.7840000000000003
0.7872
0.8112
0.8000000000000002
0.7776000000000001
0.7888000000000004
0.7951999999999999
0.7984
0.7648000000000004
0.7839999999999999
0.7680000000000001
0.7376
0.7632000000000001
0.752
0.7616
0.8016000000000001
0.8048000000000002
0.8096000000000002
0.8256000000000001
0.8512000000000002
0.8432000000000002
0.8128000000000002
0.8224000000000004
0.8144000000000001
0.8384
0.8240000000000001
0.8208000000000003
0.8272000000000002
0.8384000000000001
0.8288000000000002
0.8208
0.8032
0.8160000000000001
0.8543999999999999
0.8480000000000001
0.8176000000000002
0.8
0.7888000000000003
0.7535999999999998
0.7920000000000001
0.7984000000000002
0.7056
0.7248000000000002
0.7632000000000001
0.7680000000000002
0.7536
0.7280000000000002
0.7664000000000003
0.7664000000000003
0.7776000000000001
0.7680000000000001
0.8079999999999999
0.7952000000000001
0.8128
0.8048000000000002
0.7904000000000001
0.7904000000000002
0.7888000000000003
0.7936000000000001
0.8000000000000002
0.8080000000000004
0.7888000000000001
0.7552000000000001
0.7776000000000002
0.7584000000000002
0.7295999999999999
0.7295999999999999
0.7472000000000001
0.8112
0.8
0.7744000000000003
0.8080000000000003
0.8160000000000001
0.7760000000000001
0.7824000000000001
0.8160000000000001
0.8208000000000004
0.8432000000000002
0.8320000000000001
0.8384000000000004
0.8048000000000001
0.8016000000000002
0.8080000000000002
0.8048000000000002
0.7952000000000001
0.8
0.8048000000000002
0.7680000000000001
0.7840000000000003
0.7663999999999999
0.7856000000000002
0.7744000000000001
0.8016000000000002
0.7760000000000001
0.7936
0.8192000000000002
0.8320000000000002
0.8416000000000002
0.8480000000000001
0.8192000000000002
0.8256000000000003
0.8352
0.8224000000000002
0.8384
0.8624000000000003
0.8384000000000001
0.8208000000000001
0.8352000000000003
0.8224000000000001
0.7952000000000001
0.7776000000000001
0.7568
0.752
0.768
0.7776000000000003
0.7808000000000002
0.7727999999999998
0.7472
0.7888
0.7744000000000001
0.7584000000000001
0.7488000000000002
0.7584000000000002
0.7664
0.7264000000000002
0.7343999999999999
0.7567999999999999
0.7728000000000002
0.8144000000000001
0.8208000000000001
0.8032
0.7776000000000001
0.8367999999999999
0.8416000000000001
0.8256
0.8112000000000001
0.7951999999999999
0.8304000000000002
0.7567999999999999
0.7312000000000001
0.7792
0.8128000000000003
0.8223999999999999
0.8080000000000003
0.7936000000000003
0.7776000000000002
0.7600000000000001
0.7872000000000001
0.792
0.7664000000000002
0.7360000000000001
0.7680000000000001
0.7808000000000002
0.7520000000000003
0.7504000000000002
0.7888000000000001
0.8096000000000002
0.7936000000000001
0.7696000000000002
0.7999999999999998
0.8096000000000002
0.792
0.7760000000000001
0.7952000000000001
0.7872000000000002
0.7744000000000001
0.7904000000000002
0.7776000000000001
0.7647999999999999
0.7504000000000002
0.7807999999999999
0.8304000000000002
0.7936000000000001
0.7872
0.7872
0.7488000000000001
0.8128000000000003
0.7615999999999999
0.7504000000000002
0.7536000000000002
0.7040000000000001
0.7216
0.7520000000000002
0.7360000000000001
0.688
0.7376
0.7328000000000001
0.736
0.7456000000000002
0.7808000000000002
0.7488000000000001
0.7824000000000001
0.7599999999999999
0.7631999999999999
0.7632000000000002
0.752
0.7552
0.7584000000000002
0.7712
0.7456
0.7488000000000001
0.7856000000000002
0.7824
0.7968000000000002
0.7776000000000001
0.7696000000000001
0.7952000000000002
0.7760000000000001
0.7696
0.7728000000000002
0.7456000000000002
0.7776000000000003
0.7888000000000004
0.7312000000000002
0.7296
0.7008000000000001
0.6928000000000002
0.7312000000000001
0.752
0.7664000000000003
0.7856000000000001
0.8031999999999999
0.7648
0.7904000000000001
0.8112
0.8240000000000001
0.8096000000000001
0.7968000000000004
0.7584000000000002
0.7648
0.7536000000000002
0.7952000000000002
0.8272000000000003
0.8096000000000001
0.8144
0.8384000000000001
0.8400000000000003
0.8784000000000002
0.8800000000000001
0.8848000000000005
0.8800000000000001
0.8448000000000002
0.8608000000000002
0.8384
0.8592000000000002
0.8704000000000002
0.8560000000000002
0.8272000000000002
0.8176000000000001
0.7872
0.7824000000000001
0.7776000000000002
0.8240000000000001
0.8448000000000002
0.8336000000000002
0.7824000000000002
0.752
0.7872000000000001
0.7760000000000001
0.7632000000000002
0.7904000000000002
0.8192
0.7872000000000001
0.7680000000000002
0.7872000000000001
0.7648
0.7791999999999999
0.8112000000000001
0.792
0.7968000000000001
0.7760000000000001
0.7968000000000002
0.8368000000000002
0.8384000000000001
0.8272000000000002
0.8224000000000002
0.8096000000000002
0.8560000000000001
0.8288000000000001
0.8192
0.8320000000000002
0.8352
0.7904000000000003
0.768
0.8224000000000001
0.8016000000000001
0.8256000000000003
0.7760000000000001
0.8144
0.8224000000000001
0.8048000000000002
0.8048000000000002
0.8400000000000002
0.8144000000000002
0.8384000000000004
0.8320000000000003
0.8064
0.8048000000000002
0.8240000000000002
0.8111999999999999
0.7792000000000001
0.7968000000000004
0.8128000000000003
0.8176000000000002
0.8304
0.8064000000000001
0.7712
0.7776000000000003
0.7952000000000001
0.8000000000000002
0.8224000000000001
0.8048000000000002
0.8080000000000002
0.7920000000000001
0.8352
0.7536000000000002
0.7647999999999999
0.7552000000000004
0.7296
0.7759999999999999
0.7328000000000001
0.7424000000000001
0.6976
0.752
0.7760000000000001
0.7696000000000001
0.8
0.7792000000000001
0.7648000000000001
0.7728
0.7568000000000003
0.7696000000000002
0.6976000000000002
0.7439999999999999
0.72
0.7520000000000003
0.7888000000000001
0.8128
0.8432
0.8208000000000001
0.8016000000000002
0.7744000000000001
0.7488000000000001
0.7376
0.6976
0.7552
0.7456
0.7808000000000002
0.7920000000000001
0.8192000000000003
0.8144000000000002
0.8080000000000002
0.7839999999999999
0.7664000000000002
0.7728000000000003
0.7232000000000001
0.7408
0.7344000000000003
0.7424000000000003
0.7552000000000001
0.7216000000000001
0.7216000000000001
0.6976
0.7152
0.7488000000000001
0.7216
0.7728000000000002
0.7808000000000003
0.8128000000000002
0.7904000000000002
0.7936
0.7888000000000003
0.8032
0.7584000000000002
0.7488000000000001
0.7248
0.7648
0.7536000000000002
0.7424000000000001
0.7360000000000001
0.7519999999999999
0.752
0.7792
0.7456000000000002
0.7696000000000001
0.7984
0.7872
0.7968000000000001
0.792
0.7744000000000003
0.7904000000000001
0.8223999999999999
0.7824000000000004
0.8016000000000001
0.8080000000000002
0.8031999999999999
0.8176000000000002
0.8400000000000002
0.8368000000000001
0.8351999999999999
0.8368000000000001
0.8271999999999999
0.8400000000000002
0.8016000000000001
0.7888000000000001
0.8096000000000001
0.8208000000000001
0.8144000000000001
0.7760000000000002
0.7984
0.7839999999999999
0.8096000000000001
0.8080000000000002
0.816
0.7696000000000001
0.7392
0.7760000000000001
0.7552000000000002
0.7536000000000002
0.7567999999999999
0.7520000000000003
0.7616
0.7760000000000001
0.7792000000000001
0.8544000000000003
0.8368000000000002
0.8368000000000001
0.8288000000000002
0.8464000000000002
0.8160000000000001
0.8288000000000002
0.8320000000000001
0.8368000000000001
0.8608
0.8640000000000002
0.8384000000000004
0.84
0.8480000000000004
0.8368000000000001
0.8144
0.7968000000000001
0.7584000000000001
0.8048000000000002
0.8384000000000004
0.8192000000000002
0.8464000000000003
0.8240000000000002
0.8080000000000004
0.8176000000000003
0.8128
0.8048000000000001
0.7712
0.7504000000000001
0.7360000000000001
0.7408000000000001
0.7904000000000001
0.7936000000000001
0.8128
0.7888000000000003
0.7584000000000003
0.7760000000000002
0.8032000000000002
0.8048000000000002
0.7808000000000003
0.7872000000000001
0.8000000000000002
0.8016000000000001
0.8112000000000001
0.7984
0.7904000000000002
0.7600000000000001
0.7232000000000001
0.6992
0.7136000000000001
0.7488000000000002
0.7248000000000002
0.7056000000000001
0.7439999999999999
0.7360000000000001
0.7104000000000003
0.7056000000000001
0.7408
0.7728000000000002
0.7856000000000002
0.7808000000000003
0.7728
0.8336000000000002
0.8416000000000001
0.8352000000000003
0.8256000000000001
0.8032
0.8112000000000004
0.784
0.7776000000000001
0.7632000000000001
0.7872000000000001
0.8048000000000002
0.7616
0.8048000000000003
0.7952000000000001
0.8032000000000002
0.8064000000000001
0.8448000000000002
0.8336000000000002
0.8048000000000002
0.7936000000000001
0.8432000000000002
0.8240000000000001
0.7808000000000002
0.7536
0.7584000000000001
0.7360000000000001
0.7584000000000001
0.7872
0.7840000000000003
0.7664000000000002
0.7167999999999999
0.7248000000000002
0.7712000000000002
0.7968000000000001
0.7712000000000003
0.7504000000000002
0.7728
0.7343999999999999
0.7567999999999999
0.7424
0.7504000000000002
0.7903999999999999
0.8064000000000003
0.7904000000000002
0.7888
0.8144000000000001
0.8064000000000001
0.8096000000000001
0.7936000000000001
0.8192000000000002
0.8112
0.7872000000000001
0.7488000000000001
0.7712000000000002
0.7760000000000002
0.7487999999999999
0.7760000000000001
0.7872000000000002
0.8224000000000001
0.8064
0.8032000000000002
0.8032000000000002
0.7488000000000001
0.7824000000000001
0.7952000000000001
0.7904000000000001
0.7952000000000001
0.8032
0.7632000000000001
0.7968000000000002
0.7968
0.7696000000000002
0.7744000000000001
0.7631999999999999
0.7840000000000003
0.7504000000000001
0.7728000000000003
0.7344000000000002
0.7712
0.7936000000000001
0.8256000000000001
0.8192000000000003
0.8384
0.8352000000000003
0.8144000000000002
0.8208000000000001
0.7951999999999999
0.8096000000000001
0.7984000000000002
0.7759999999999999
0.7616
0.6944
0.7200000000000002
0.7664000000000002
0.7343999999999999
0.6960000000000001
0.7248000000000003
0.7232000000000001
0.7552000000000002
0.7648000000000001
0.7392000000000002
0.7184
0.7440000000000002
0.7408
0.7552
0.7232000000000002
0.7104
0.7008
0.7488000000000001
0.664
0.6911999999999999
0.6688000000000001
0.6911999999999999
0.7312000000000001
0.7264000000000002
0.736
0.7376
0.7440000000000002
0.7631999999999999
0.7952000000000002
0.7776000000000003
0.7663999999999999
0.7168000000000002
0.7328000000000001
0.7696
0.7920000000000001
0.8112
0.792
0.8336000000000001
0.7824
0.7888000000000001
0.7472
0.7872000000000002
0.7952000000000002
0.784
0.8112
0.8208
0.7888000000000003
0.7984000000000002
0.7888000000000003
0.7872
0.7952000000000001
0.8224000000000002
0.8352
0.8544000000000003
0.8112000000000004
0.7952000000000001
0.7856000000000003
0.8112000000000001
0.8112
0.8368000000000002
0.8000000000000002
0.8096000000000002
0.8128
0.8016000000000002
0.7872000000000001
0.7952000000000002
0.784
0.7792000000000001
0.792
0.8064000000000001
0.7840000000000004
0.7776000000000001
0.7712000000000002
0.7904000000000001
0.8112
0.8208000000000001
0.8096000000000001
0.8111999999999999
0.8112000000000001
0.8096000000000002
0.8064000000000001
0.8064000000000001
0.8
0.7984
0.7807999999999999
0.784
0.7312000000000002
0.7631999999999999
0.7632000000000001
0.752
0.7664000000000002
0.7776000000000001
0.7968000000000002
0.7648
0.7807999999999999
0.8160000000000001
0.8079999999999999
0.8608
0.8368000000000003
0.8512000000000002
0.8432000000000002
0.8432000000000002
0.8544000000000002
0.8384000000000001
0.8464000000000005
0.8064000000000001
0.8064000000000001
0.8016000000000002
0.7968000000000002
0.8000000000000003
0.7920000000000001
0.7792
0.8176000000000002
0.7744000000000003
0.7552000000000001
0.7488000000000001
0.7424000000000001
0.7808000000000002
0.7807999999999998
0.7968000000000004
0.7807999999999999
0.7744000000000003
0.7952000000000001
0.7552000000000001
0.7536
0.7488000000000002
0.7264000000000002
0.7487999999999998
0.7728
0.8016
0.8208000000000001
0.8544000000000004
0.7936
0.7984000000000002
0.7664
0.8256000000000001
0.8288000000000002
0.8240000000000003
0.7696000000000001
0.7520000000000002
0.7360000000000001
0.7696000000000001
0.7648
0.7856000000000002
0.7616
0.7856000000000001
0.7840000000000003
0.7791999999999999
0.7328000000000001
0.7791999999999999
0.8383999999999999
0.8544000000000002
0.8496000000000002
0.8496000000000001
0.8624000000000003
0.8608000000000001
0.8512000000000002
0.8320000000000001
0.8608000000000001
0.8464
0.8240000000000002
0.8064000000000003
0.8096000000000002
0.7536
0.7472000000000001
0.7792000000000001
0.7648000000000001
0.7632000000000001
0.7568000000000003
0.7584000000000002
0.8048000000000002
0.7744
0.8016000000000002
0.8416000000000001
0.8208000000000001
0.8303999999999999
0.8192
0.792
0.7920000000000001
0.8095999999999998
0.7680000000000001
0.7552000000000002
0.7664000000000002
0.7792
0.7408000000000001
0.7232000000000001
0.6928
0.6607999999999999
0.6512
0.696
0.7264000000000002
0.7328000000000003
0.76
0.7440000000000002
0.752
0.7552000000000001
0.7584000000000003
0.7472000000000003
0.7440000000000001
0.7183999999999999
0.7232
0.6896000000000001
0.7248
0.7072000000000002
0.6784000000000002
0.672
0.6368
0.7024000000000001
0.7472
0.7808000000000002
0.7760000000000002
0.7647999999999999
0.7487999999999998
0.7328
0.7584000000000003
0.7584000000000001
0.7488000000000001
0.7440000000000001
0.7375999999999999
0.7472
0.7040000000000001
0.6752000000000001
0.7184
0.7104
0.7360000000000002
0.6864000000000001
0.7760000000000002
0.7936000000000003
0.8032
0.8112000000000001
0.8
0.7808000000000002
0.8144000000000002
0.8016
0.7744000000000001
0.7712000000000002
0.7600000000000001
0.8256000000000001
0.8320000000000002
0.8656000000000003
0.8192000000000003
0.8240000000000002
0.8192000000000002
0.8208000000000003
0.8400000000000003
0.8672000000000001
0.8512000000000001
0.8320000000000002
0.7904000000000002
0.7792000000000001
0.7951999999999999
0.7904000000000001
0.7872000000000001
0.7872
0.8144
0.7792000000000001
0.8176000000000002
0.8080000000000002
0.8528000000000003
0.8224000000000001
0.8543999999999999
0.8448
0.8640000000000001
0.8448000000000002
0.8608000000000001
0.8624
0.8224000000000002
0.8064000000000003
0.8447999999999999
0.8208000000000003
0.8352
0.8208000000000001
0.7744
0.7776000000000002
0.768
0.7968000000000001
0.7872
0.7904000000000001
0.8208000000000004
0.8096000000000002
0.7968000000000001
0.8032
0.8016000000000001
0.7824000000000002
0.7392000000000002
0.7696
0.7455999999999999
0.7776000000000002
0.7744
0.7376
0.6704000000000001
0.6848000000000001
0.7280000000000002
0.7424000000000003
0.7487999999999999
0.7376000000000001
0.8032
0.7936000000000001
0.8048000000000003
0.8160000000000001
0.8192000000000002
0.8351999999999999
0.8000000000000003
0.7856000000000001
0.7856000000000001
0.7760000000000002
0.7792000000000001
0.752
0.7584000000000001
0.7280000000000001
0.7392000000000003
0.7711999999999999
0.8303999999999999
0.7632000000000001
0.7632000000000002
0.8016000000000002
0.8336000000000001
0.8144000000000001
0.8192000000000002
0.8352
0.8288
0.8304000000000002
0.8368000000000002
0.8192000000000003
0.7936000000000001
0.8000000000000002
0.7888
0.7856000000000004
0.784
0.7824000000000001
0.7584000000000002
0.7456
0.7824000000000002
0.8
0.8064000000000001
0.7536000000000002
0.7328
0.7104000000000003
0.7280000000000002
0.7408
0.7552000000000001
0.7792
0.7920000000000003
0.7936000000000003
0.8016
0.784
0.7824000000000002
0.7632000000000001
0.7296
0.7599999999999999
0.752
0.7760000000000001
0.7808000000000002
0.7984
0.7968000000000002
0.8416000000000002
0.8559999999999998
0.856
0.8496000000000002
0.8160000000000001
0.8079999999999999
0.816
0.8352
0.8336000000000002
0.8448000000000002
0.8192000000000002
0.8160000000000001
0.8096000000000001
0.8127999999999999
0.8144000000000001
0.8256000000000001
0.8144000000000002
0.8223999999999999
0.8112000000000004
0.8336000000000005
0.8304
0.8432000000000002
0.84
0.8144000000000001
0.8224000000000001
0.7711999999999999
0.7504000000000001
0.7856000000000002
0.7968000000000002
0.8032000000000002
0.7744
0.7536000000000002
0.7568
0.7536000000000002
0.7536
0.7664
0.7664
0.7472
0.7280000000000001
0.7744
0.8016000000000001
0.8224000000000002
0.7872
0.7776000000000002
0.7936
0.7888000000000001
0.8128
0.8063999999999999
0.7648
0.7792000000000001
0.7552
0.7536000000000002
0.752
0.7375999999999999
0.7519999999999999
0.7536000000000002
0.7344000000000002
0.6976000000000002
0.6880000000000002
0.6384000000000001
0.7008
0.7456000000000002
0.7728
0.7568
0.7776000000000002
0.7472000000000003
0.7872
0.8175999999999999
0.792
0.7936000000000001
0.8223999999999999
0.8112
0.7888000000000003
0.8048000000000003
0.8112000000000001
0.8175999999999999
0.8432000000000004
0.8176000000000001
0.8288000000000004
0.8000000000000002
0.8208000000000001
0.7968000000000002
0.7776000000000001
0.7968000000000002
0.8271999999999999
0.8192000000000002
0.8496000000000004
0.8016000000000002
0.8192000000000002
0.8432000000000001
0.8496000000000002
0.8368000000000002
0.8256000000000003
0.8464000000000002
0.7968
0.7952000000000002
0.7871999999999999
0.8192
0.792
0.7856000000000002
0.7760000000000001
0.7616
0.7488000000000001
0.8288000000000002
0.8288000000000004
0.8592000000000003
0.8271999999999999
0.8176000000000003
0.8256000000000003
0.8464000000000003
0.8480000000000001
0.8432000000000001
0.8016000000000002
0.8288000000000001
0.7968
0.7824000000000002
0.7712000000000002
0.7391999999999999
0.7296000000000002
0.7792000000000001
0.8016000000000001
0.8192
0.8656
0.8416000000000001
0.8672000000000001
0.8672000000000001
0.8800000000000004
0.8704000000000002
0.8768
0.8672000000000001
0.8800000000000001
0.8304
0.8304000000000005
0.7824000000000001
0.8464000000000002
0.8112000000000004
0.8064000000000003
0.7856000000000002
0.8016000000000001
0.8192
0.7984000000000003
0.7936000000000001
0.7776000000000001
0.7872
0.7904000000000003
0.7936
0.8080000000000003
0.7951999999999999
0.8512000000000005
0.8416000000000001
0.8192
0.8208
0.7615999999999999
0.7632000000000001
0.7872000000000002
0.7872000000000002
0.7952000000000001
0.8144000000000001
0.8080000000000002
0.8320000000000002
0.8079999999999999
0.8096000000000001
0.8272000000000002
0.8384000000000001
0.8176000000000002
0.8208000000000003
0.8176000000000002
0.8176000000000002
0.8208000000000001
0.8128000000000003
0.8000000000000003
0.8240000000000001
0.7392000000000003
0.7264000000000002
0.728
0.784
0.7408000000000001
0.7104
0.7424000000000001
0.7311999999999999
0.7152000000000001
0.7472000000000001
0.7504000000000001
0.7408000000000001
0.7216
0.7296000000000002
0.7488000000000001
0.7392
0.7648
0.7552000000000002
0.7552000000000001
0.7568
0.7744000000000003
0.7920000000000001
0.7807999999999998
0.8080000000000002
0.7744000000000003
0.7968
0.8208000000000001
0.8320000000000001
0.8176000000000002
0.8351999999999999
0.8000000000000002
0.7952000000000001
0.8176000000000002
0.7840000000000003
0.7712
0.7936000000000001
0.8352000000000003
0.8288000000000001
0.8096000000000001
0.8224000000000002
0.8240000000000002
0.8512000000000002
0.8368000000000001
0.8272000000000003
0.8016
0.7936
0.7648
0.7807999999999999
0.7904000000000002
0.7936000000000001
0.8160000000000001
0.8016000000000001
0.824
0.7951999999999999
0.8048000000000002
0.8080000000000004
0.7792000000000001
0.7872
0.7952000000000002
0.7408
0.7247999999999999
0.7232000000000001
0.7232
0.7184000000000001
0.7632000000000002
0.7856000000000001
0.7839999999999999
0.7968000000000002
0.8208000000000003
0.8416000000000002
0.8144000000000002
0.8320000000000001
0.8144000000000001
0.7872
0.7984000000000003
0.7776000000000002
0.7936000000000001
0.7807999999999999
0.8000000000000002
0.7632000000000001
0.8144000000000001
0.8128000000000002
0.7808000000000002
0.7744000000000001
0.7776000000000001
0.784
0.7328000000000001
0.7216000000000001
0.7200000000000003
0.7248000000000002
0.7296000000000002
0.7104000000000003
0.6832000000000003
0.7136
0.7136000000000001
0.7071999999999999
0.68
0.6656
0.6527999999999998
0.6416000000000001
0.6768000000000001
0.6672
0.6544
0.7456000000000003
0.7552
0.768
0.7456
0.7216000000000001
0.7472000000000001
0.7648000000000004
0.7472
0.7792000000000001
0.7792000000000001
0.7472000000000001
0.7648
0.7952000000000001
0.7920000000000001
0.8255999999999999
0.8319999999999999
0.8320000000000001
0.7904000000000001
0.7712000000000002
0.8224000000000002
0.8112
0.8079999999999999
0.8176000000000002
0.8432000000000002
0.8304
0.8208000000000001
0.7791999999999999
0.7744
0.7936000000000001
0.7807999999999999
0.8032000000000002
0.8272000000000003
0.824
0.8096000000000002
0.7760000000000002
0.7680000000000001
0.7440000000000001
0.7664000000000002
0.7392000000000002
0.7615999999999999
0.7888000000000001
0.7280000000000001
0.7392000000000002
0.7552000000000001
0.7872000000000002
0.768
0.7856000000000002
0.8288
0.8240000000000002
0.8304
0.8624000000000003
0.8368000000000001
0.8448000000000002
0.8304000000000002
0.8096000000000001
0.8128
0.8160000000000003
0.8096000000000001
0.8448
0.8496000000000001
0.8288000000000002
0.8032000000000002
0.7951999999999999
0.7856000000000002
0.7728
0.7984
0.8208
0.8176000000000001
0.8400000000000003
0.8528
0.8336000000000001
0.7951999999999999
0.8016000000000002
0.8096000000000001
0.8000000000000003
0.8320000000000002
0.8208000000000003
0.8192000000000002
0.7856000000000002
0.7647999999999999
0.7536
0.7968000000000001
0.7648000000000001
0.7504000000000001
0.7216000000000001
0.728
0.7232000000000001
0.6912
0.6592000000000001
0.664
0.6752000000000001
0.7136
0.7168000000000001
0.7232000000000002
0.7392000000000002
0.7472000000000001
0.7807999999999999
0.816
0.7888000000000001
0.8032
0.7920000000000001
0.7664000000000002
0.7696000000000001
0.7984000000000002
0.8000000000000003
0.7808000000000003
0.8224000000000001
0.8176000000000001
0.8576000000000004
0.8256
0.8112
0.8352000000000003
0.8096000000000001
0.8048000000000002
0.8320000000000002
0.8240000000000002
0.8112
0.7552000000000001
0.7568000000000004
0.752
0.784
0.7360000000000001
0.7408000000000001
0.7439999999999999
0.7280000000000001
0.7536000000000003
0.7680000000000001
0.7568
0.7520000000000002
0.7376000000000001
0.7344000000000002
0.7568
0.7792000000000001
0.7632000000000001
0.7664000000000002
0.7648
0.7216000000000002
0.7328
0.728
0.7871999999999999
0.7776000000000002
0.7728000000000002
0.7600000000000001
0.7392
0.7440000000000001
0.7472000000000001
0.7568000000000003
0.7439999999999999
0.7807999999999999
0.8160000000000004
0.8080000000000002
0.7808000000000003
0.7824000000000001
0.7472000000000001
0.7776000000000001
0.752
0.7408000000000001
0.7712000000000003
0.7824
0.7584000000000001
0.7328
0.7696000000000002
0.7632000000000002
0.7392000000000002
0.7536000000000002
0.7312000000000001
0.7424000000000004
0.7664000000000002
0.7392
0.7696
0.7968000000000002
0.8
0.7888000000000004
0.7728000000000002
0.7776
0.7664000000000002
0.7311999999999999
0.7616
0.7680000000000002
0.7840000000000003
0.7999999999999998
0.7984
0.7696000000000002
0.7536000000000003
0.7616
0.7824000000000001
0.7904000000000001
0.8176000000000001
0.7680000000000002
0.7888000000000003
0.784
0.7760000000000001
0.8
0.8064000000000001
0.8112000000000001
0.8320000000000001
0.8384000000000001
0.8736000000000002
0.8432000000000001
0.8384000000000004
0.8512000000000002
0.8112000000000001
0.8144000000000001
0.8288000000000001
0.8352000000000003
0.8176000000000001
0.8336000000000001
0.8384
0.8464000000000002
0.8288000000000001
0.8304
0.8240000000000002
0.8416000000000001
0.8448
0.8400000000000002
0.8288000000000002
0.8208000000000003
0.8176000000000002
0.8368000000000001
0.8160000000000004
0.8112000000000001
0.7904000000000003
0.7776
0.7488000000000001
0.7343999999999999
0.7536000000000002
0.6768000000000001
0.7008
0.6768000000000002
0.7344000000000003
0.7552000000000001
0.7376
0.7136000000000001
0.728
0.7216000000000001
0.6832
0.7008
0.6816000000000001
0.728
0.7504000000000002
0.7840000000000003
0.7824000000000002
0.7295999999999999
0.7488000000000001
0.7488000000000001
0.7632000000000001
0.7536
0.7680000000000001
0.7696000000000002
0.7679999999999998
0.7456
0.7472
0.7536
0.7616000000000003
0.816
0.7776000000000003
0.7792
0.7952000000000001
0.7936
0.816
0.8031999999999999
0.7856000000000001
0.8064000000000001
0.7904000000000001
0.7824000000000002
0.7728000000000002
0.7504000000000001
0.76
0.7504000000000001
0.7744
0.7936
0.8064000000000001
0.8159999999999998
0.8080000000000002
0.8128
0.7920000000000001
0.7824000000000002
0.7472000000000001
0.7872
0.7872
0.7920000000000001
0.7904000000000001
0.7744000000000001
0.7872
0.7312000000000001
0.7264000000000002
0.7136
0.7312000000000001
0.7456000000000002
0.7408000000000002
0.7184
0.7040000000000001
0.6944000000000001
0.7584000000000001
0.7856000000000002
0.7615999999999999
0.7583999999999999
0.7952000000000004
0.8224000000000001
0.8320000000000001
0.8048000000000001
0.7952000000000002
0.8144000000000001
0.8304
0.816
0.8304000000000002
0.8272000000000002
0.8320000000000002
0.8208000000000001
0.8336000000000001
0.8496000000000002
0.8543999999999998
0.8623999999999999
0.8736000000000002
0.8767999999999999
0.8704000000000001
0.8704000000000001
0.8640000000000002
0.8608000000000001
0.8464000000000002
0.8272000000000002
0.7744
0.7792
0.7952000000000001
0.7616000000000003
0.8000000000000002
0.8000000000000002
0.7664
0.7696000000000002
0.8304
0.8064000000000001
0.8288000000000001
0.8320000000000002
0.8368000000000002
0.8528
0.8480000000000001
0.8624000000000003
0.8640000000000001
0.8288000000000001
0.8560000000000003
0.8400000000000003
0.8416000000000002
0.8032
0.7920000000000001
0.8288
0.8368000000000005
0.8368000000000001
0.8704000000000004
0.8800000000000001
0.8688000000000002
0.8543999999999998
0.8544000000000003
0.8784000000000002
0.8416000000000001
0.8304000000000002
0.8352000000000003
0.8528
0.8144000000000002
0.8016
0.7983999999999999
0.7584000000000001
0.7071999999999999
0.7600000000000001
0.7856000000000002
0.7664
0.7376000000000001
0.7456000000000002
0.7247999999999999
0.7536000000000002
0.7632000000000001
0.7424000000000001
0.7376000000000001
0.7296
0.7456000000000002
0.7056
0.7728000000000002
0.7328000000000001
0.7504000000000002
0.7632000000000001
0.7312000000000001
0.7568
0.7568000000000003
0.7136000000000001
0.7792000000000001
0.7423999999999998
0.7888
0.7664
0.7808000000000003
0.7856000000000002
0.8112000000000001
0.7839999999999999
0.7616
0.7440000000000001
0.7904000000000002
0.7904000000000001
0.7936000000000004
0.7472
0.7632000000000001
0.7568000000000003
0.7632000000000001
0.7568000000000003
0.7664
0.7776000000000002
0.816
0.7744000000000001
0.7904000000000001
0.8112
0.7936
0.7968
0.7824000000000001
0.7472000000000001
0.7744000000000001
0.7568
0.7807999999999999
0.7760000000000002
0.7344000000000003
0.7408000000000001
0.7664
0.7567999999999999
0.7280000000000001
0.688
0.6976000000000002
0.7056000000000001
0.7584000000000001
0.7904000000000002
0.8032000000000002
0.8336
0.8512000000000002
0.8720000000000002
0.8528000000000003
0.8688000000000001
0.8752000000000001
0.8384000000000001
0.8624000000000003
0.8608000000000002
0.8080000000000003
0.8320000000000001
0.8480000000000001
0.8271999999999999
0.8208000000000001
0.8351999999999999
0.8240000000000002
0.8112
0.7840000000000003
0.7872000000000001
0.7952000000000001
0.7952000000000002
0.7952000000000001
0.8160000000000003
0.7840000000000003
0.7824000000000001
0.7472000000000001
0.7584000000000002
0.7328
0.7312000000000001
0.752
0.7680000000000002
0.7648
0.7552000000000002
0.7792000000000001
0.7744000000000001
0.7744000000000001
0.7632000000000001
0.7376000000000001
0.7584000000000002
0.7968000000000001
0.7968000000000001
0.8240000000000002
0.8272000000000002
0.8256000000000001
0.8080000000000002
0.7968000000000001
0.8416
0.8432000000000002
0.8720000000000003
0.8544000000000002
0.8303999999999999
0.8096000000000002
0.8128000000000003
0.8112
0.8384000000000001
0.7760000000000002
0.7567999999999999
0.7952000000000001
0.7632000000000001
0.8016
0.7680000000000001
0.7888000000000001
0.7184000000000001
0.7536
0.7424000000000001
0.7664000000000003
0.7744000000000001
0.7984
0.8208000000000001
0.784
0.7648000000000001
0.8432000000000001
0.8160000000000004
0.8160000000000001
0.7776000000000001
0.8128000000000002
0.8336000000000002
0.8320000000000002
0.8864000000000002
0.8896000000000004
0.8576000000000001
0.8544000000000002
0.8304000000000002
0.8320000000000001
0.8368000000000002
0.8304
0.8288
0.8368000000000003
0.8160000000000001
0.8000000000000002
0.8032000000000002
0.8240000000000001
0.7696000000000001
0.8432000000000002
0.8048000000000001
0.7904000000000002
0.7856000000000002
0.7519999999999999
0.7296
0.7376000000000001
0.7296
0.7216000000000001
0.7520000000000002
0.7807999999999999
0.76
0.7504000000000001
0.7472000000000001
0.7456
0.7680000000000001
0.7952000000000002
0.8
0.8000000000000002
0.8096000000000001
0.784
0.7952000000000002
0.8128
0.8080000000000002
0.7952000000000002
0.7504000000000001
0.7600000000000001
0.7840000000000003
0.7488000000000001
0.7872000000000002
0.7632000000000001
0.7376000000000001
0.6960000000000001
0.6560000000000001
0.688
0.6864
0.6784
0.7184
0.736
0.7728000000000002
0.7632000000000002
0.7648
0.7648000000000001
0.6976000000000002
0.6624
0.6528
0.6768000000000001
0.6768
0.7472
0.7664
0.7168000000000001
0.7248000000000002
0.7152000000000001
0.7408000000000001
0.7712000000000002
0.7472000000000001
0.7728000000000002
0.7808000000000002
0.7872
0.7888000000000001
0.8016000000000002
0.7648000000000001
0.8048000000000001
0.7904000000000002
0.8016
0.8288000000000001
0.8320000000000001
0.8304000000000004
0.7824000000000001
0.7312000000000003
0.7152000000000001
0.7552000000000001
0.7536000000000002
0.7584000000000002
0.7792
0.7632000000000001
0.7568000000000003
0.7760000000000001
0.8144000000000001
0.8032
0.7984
0.8320000000000002
0.8160000000000001
0.8240000000000002
0.7984000000000002
0.7904000000000001
0.8303999999999999
0.7824000000000002
0.8032000000000002
0.7744000000000001
0.8032
0.8112
0.8240000000000003
0.7904000000000001
0.8079999999999999
0.7903999999999999
0.7744000000000001
0.7920000000000001
0.8128
0.8304000000000002
0.8303999999999999
0.7904000000000002
0.8128
0.8128000000000002
0.8400000000000003
0.8400000000000002
0.8416000000000001
0.8272000000000003
0.8480000000000003
0.8496000000000001
0.8176000000000001
0.8272000000000002
0.8368000000000002
0.8448000000000002
0.8144000000000001
0.8352
0.8304
0.7952000000000001
0.8480000000000003
0.8304000000000002
0.816
0.7888000000000001
0.8096000000000001
0.8016000000000002
0.8096000000000002
0.8192
0.8192000000000002
0.7792
0.8016000000000001
0.8176000000000002
0.8336000000000001
0.8272000000000003
0.8304000000000002
0.8288000000000001
0.8208000000000003
0.7984
0.7776000000000002
0.7824000000000002
0.8032
0.8192000000000002
0.8112000000000001
0.8064000000000001
0.8352000000000004
0.8079999999999999
0.8160000000000001
0.7856000000000002
0.7760000000000002
0.7904000000000002
0.7792000000000001
0.784
0.7808000000000002
0.7904000000000002
0.7216000000000001
0.7392
0.7664000000000002
0.8192000000000002
0.8160000000000001
0.7936000000000001
0.8
0.8096000000000001
0.8208
0.792
0.7824000000000002
0.7968000000000002
0.792
0.8032000000000002
0.8272000000000002
0.8352000000000003
0.8288000000000002
0.8112000000000004
0.8240000000000002
0.8368000000000002
0.8032000000000002
0.7792000000000001
0.7680000000000001
0.7584000000000001
0.8160000000000003
0.7984000000000002
0.8112000000000001
0.8160000000000001
0.8032000000000004
0.8192000000000003
0.8208000000000003
0.8400000000000002
0.8256
0.8240000000000002
0.84
0.8815999999999998
0.8608000000000001
0.8575999999999999
0.8688000000000002
0.8544000000000002
0.8624000000000003
0.8448
0.8352000000000003
0.7648
0.7744000000000001
0.7520000000000002
0.736
0.688
0.7360000000000001
0.7104
0.7056000000000001
0.6816
0.7008000000000001
0.6944
0.7199999999999999
0.7424
0.7616000000000003
0.7760000000000001
0.8112
0.8256000000000003
0.8096
0.8352
0.8160000000000003
0.8032
0.8032000000000002
0.7792
0.7808000000000002
0.7776000000000002
0.7408000000000002
0.7696000000000002
0.6992000000000002
0.7088
0.7376000000000001
0.7728000000000002
0.7728
0.7744000000000001
0.7776000000000001
0.7776000000000001
0.7952000000000002
0.7632000000000002
0.7696000000000001
0.7248
0.7024000000000001
0.7296
0.6960000000000001
0.7071999999999999
0.7312000000000001
0.7008000000000001
0.7120000000000001
0.7472
0.76
0.7807999999999999
0.7760000000000002
0.7760000000000001
0.7888000000000001
0.784
0.8048000000000001
0.8288000000000001
0.8320000000000002
0.8000000000000003
0.7872000000000001
0.8080000000000003
0.8256
0.7776000000000002
0.7904000000000001
0.8271999999999999
0.8336000000000001
0.8224000000000004
0.8016000000000002
0.7856000000000002
0.7760000000000002
0.8240000000000002
0.8016000000000002
0.8031999999999999
0.7600000000000002
0.7952000000000001
0.7776000000000001
0.7680000000000002
0.7136000000000001
0.7088000000000001
0.7360000000000002
0.768
0.7328000000000001
0.7312000000000001
0.7536000000000002
0.7440000000000003
0.7280000000000001
0.7360000000000001
0.7311999999999999
0.7216000000000001
0.7424000000000001
0.7071999999999999
0.6863999999999999
0.6703999999999999
0.7024000000000001
0.7312000000000001
0.7552000000000001
0.7568000000000003
0.7360000000000001
0.7760000000000001
0.8096
0.8048000000000003
0.8160000000000003
0.8351999999999999
0.8223999999999999
0.8176000000000002
0.8319999999999999
0.8432000000000002
0.8368000000000003
0.8544000000000003
0.8432000000000002
0.8543999999999998
0.8448000000000002
0.8432
0.8480000000000001
0.8144
0.8016000000000001
0.8080000000000002
0.8032000000000002
0.7936
0.8112
0.7712000000000002
0.7904000000000002
0.7760000000000001
0.7712000000000002
0.7552
0.7616000000000003
0.7232000000000002
0.7440000000000002
0.7631999999999999
0.7664
0.7840000000000004
0.7807999999999999
0.7296
0.7408000000000001
0.7056
0.7088000000000001
0.7280000000000001
0.7312000000000001
0.7472
0.7616
0.7664000000000002
0.8000000000000002
0.7744
0.7952000000000002
0.7776000000000001
0.7904000000000001
0.7664000000000002
0.7055999999999999
0.7408
0.7408
0.7376000000000001
0.8
0.7792
0.7824
0.8015999999999999
0.8144000000000001
0.8160000000000003
0.8416000000000002
0.8336000000000001
0.8064000000000001
0.8288000000000004
0.8320000000000002
0.8256000000000001
0.8064000000000001
0.8208000000000001
0.8256000000000003
0.7984000000000002
0.8016000000000001
0.7760000000000002
0.7615999999999999
0.7424000000000001
0.7472
0.7456
0.7392000000000003
0.7472000000000001
0.7072000000000002
0.7216
0.7536000000000002
0.6832
0.7088000000000001
0.6880000000000002
0.7103999999999999
0.7040000000000001
0.6751999999999999
0.6768000000000002
0.7328000000000001
0.7184
0.7152
0.7295999999999999
0.7023999999999999
0.7552000000000002
0.7504000000000002
0.7216000000000001
0.7312000000000002
0.7552000000000001
0.7632000000000001
0.7808000000000002
0.7807999999999999
0.752
0.7696000000000002
0.7408
0.7504000000000002
0.7248000000000002
0.7295999999999999
0.72
0.7504000000000001
0.7487999999999999
0.784
0.704
0.7248
0.7424000000000003
0.7632000000000002
0.8320000000000002
0.8304000000000002
0.8256
0.8080000000000003
0.8
0.8288
0.8432000000000002
0.8144000000000005
0.8240000000000002
0.8464000000000002
0.8048000000000002
0.7872000000000001
0.7951999999999999
0.7904000000000001
0.8096000000000003
0.7936000000000003
0.8096
0.8144000000000001
0.8016000000000001
0.8496000000000001
0.8080000000000002
0.7984
0.8032000000000002
0.8032000000000002
0.8144
0.7872000000000001
0.7680000000000001
0.7807999999999998
0.8128000000000003
0.8351999999999999
0.8560000000000001
0.8304
0.8192000000000002
0.8032
0.8416000000000001
0.8256
0.8176000000000002
0.8096000000000002
0.84
0.8064000000000001
0.7936000000000003
0.8032000000000004
0.7984000000000003
0.8016
0.8192000000000002
0.8384000000000001
0.8208
0.8096000000000001
0.8416000000000001
0.8320000000000003
0.8112
0.8384000000000004
0.8608000000000001
0.8608000000000001
0.8528
0.8496000000000001
0.8304000000000002
0.8623999999999999
0.8592000000000003
0.8544000000000002
0.8592000000000002
0.8175999999999999
0.7984000000000002
0.8016
0.7744000000000001
0.7568000000000003
0.7440000000000002
0.7536000000000002
0.7344000000000002
0.752
0.7328
0.7344000000000002
0.7776000000000002
0.7456
0.7216
0.7296
0.7392
0.7504000000000002
0.768
0.7583999999999999
0.7744000000000001
0.7584000000000002
0.8144000000000001
0.8144000000000001
0.8432000000000004
0.8192000000000002
0.7968000000000001
0.8160000000000001
0.7952000000000001
0.8064000000000001
0.8048000000000002
0.7888000000000001
0.7711999999999999
0.7856000000000003
0.7776000000000002
0.784
0.8000000000000002
0.7871999999999999
0.7872000000000001
0.8304
0.8400000000000003
0.7968
0.8016000000000001
0.8128000000000002
0.7824
0.7807999999999999
0.7872000000000001
0.7696000000000002
0.8064000000000001
0.8
0.7839999999999999
0.7696000000000002
0.7872000000000001
0.8064000000000003
0.8032
0.7520000000000002
0.7968000000000002
0.8079999999999999
0.7824000000000001
0.7583999999999999
0.752
0.7568
0.7152000000000001
0.6896000000000001
0.6880000000000003
0.7200000000000002
0.7071999999999999
0.7136
0.6944000000000001
0.7008000000000001
0.7200000000000002
0.7168000000000001
0.7120000000000002
0.7392000000000002
0.7392000000000002
0.7568
0.7616
0.7808000000000003
0.7824000000000002
0.7792000000000001
0.8016000000000001
0.7888000000000003
0.7712000000000002
0.7376
0.7728000000000002
0.7856000000000001
0.7856000000000002
0.7808000000000002
0.7455999999999999
0.8032000000000002
0.7968000000000001
0.7968000000000002
0.8112
0.8224000000000002
0.8304000000000004
0.8224000000000004
0.7616
0.7296000000000002
0.72
0.7600000000000001
0.7376
0.7472
0.7904000000000002
0.7952000000000002
0.8175999999999999
0.7936000000000001
0.7648
0.7632000000000002
0.7872000000000001
0.7808000000000002
0.7904000000000002
0.792
0.8240000000000001
0.792
0.7872000000000002
0.7696000000000001
0.7648000000000001
0.8048000000000002
0.7872000000000001
0.8288000000000001
0.8256
0.8064000000000001
0.8368000000000002
0.8208
0.8175999999999999
0.8160000000000001
0.8608
0.8640000000000001
0.8528000000000003
0.8448000000000003
0.8175999999999999
0.7872000000000001
0.8208000000000004
0.8032000000000004
0.8240000000000003
0.8128
0.8384
0.8416000000000003
0.8351999999999998
0.8080000000000002
0.8128
0.7808000000000002
0.7631999999999999
0.7568000000000003
0.7072000000000002
0.7344000000000002
0.7152000000000001
0.6912
0.7216000000000002
0.7232000000000002
0.7136
0.7504000000000001
0.6672
0.6912000000000001
0.7184
0.6608000000000002
0.6896
0.6624
0.6112
0.6096000000000001
0.6656
0.672
0.7264000000000002
0.7136000000000002
0.7696
0.7552000000000001
0.7888000000000001
0.7936000000000001
0.8160000000000003
0.8080000000000003
0.8176000000000001
0.8415999999999998
0.8432000000000004
0.8032000000000002
0.8016000000000002
0.7856000000000002
0.8160000000000001
0.8192
0.8176000000000001
0.8112
0.8192000000000002
0.7888000000000001
0.8048000000000001
0.8112
0.7984000000000003
0.7824000000000002
0.8128
0.8208000000000003
0.7968000000000001
0.8288
0.8016000000000001
0.8000000000000003
0.8432000000000002
0.8400000000000002
0.8624000000000004
0.8384000000000001
0.848
0.8351999999999999
0.8
0.7936
0.8288000000000001
0.7776000000000002
0.7680000000000001
0.7904000000000002
0.8288000000000001
0.7984
0.7856000000000002
0.8208000000000004
0.7984
0.8128000000000003
0.7760000000000001
0.7776000000000002
0.7552000000000001
0.7920000000000001
0.7936000000000001
0.7904000000000003
0.8032
0.7840000000000003
0.7824000000000001
0.8000000000000003
0.816
0.8448
0.7792
0.8080000000000002
0.7968000000000004
0.8192000000000002
0.8032000000000002
0.7952000000000001
0.8128000000000003
0.8224000000000001
0.8016
0.7760000000000001
0.728
0.7472000000000001
0.7008000000000001
0.7600000000000002
0.7952000000000001
0.8000000000000003
0.7824000000000002
0.7392
0.6944
0.72
0.7551999999999999
0.7280000000000001
0.7808000000000003
0.7168000000000001
0.7088000000000002
0.7184000000000001
0.6560000000000001
0.624
0.6816
0.6975999999999999
0.6608000000000002
0.6896000000000001
0.7264000000000002
0.7856000000000002
0.8176000000000001
0.8336000000000001
0.8192000000000002
0.8064
0.7440000000000001
0.7888000000000001
0.8224000000000002
0.8480000000000001
0.8432000000000004
0.8448000000000002
0.8351999999999999
0.8288
0.8416000000000001
0.7840000000000003
0.7968000000000002
0.8208000000000003
0.8272000000000003
0.8304000000000002
0.7776000000000002
0.8000000000000003
0.7648
0.8048000000000003
0.7840000000000003
0.7840000000000003
0.7984000000000002
0.8016000000000001
0.7872
0.8192000000000002
0.8192000000000002
0.8128000000000002
0.8304
0.8016
0.7872000000000001
0.8048000000000003
0.7872000000000001
0.7984
0.8192000000000002
0.7824000000000001
0.8064000000000004
0.8144
0.8271999999999999
0.8128000000000002
0.7840000000000004
0.7840000000000003
0.8016000000000001
0.7807999999999999
0.7888000000000003
0.7824000000000004
0.8112
0.8208
0.8032000000000002
0.7584000000000001
0.7648000000000001
0.8144000000000001
0.8480000000000001
0.8416000000000002
0.8512
0.8672
0.8640000000000002
0.84
0.8464
0.8512000000000002
0.8560000000000002
0.8271999999999999
0.8432000000000002
0.8544000000000002
0.8480000000000001
0.8400000000000002
0.8192
0.7904000000000001
0.8144
0.8336000000000002
0.8176000000000001
0.8240000000000001
0.8336000000000001
0.8096
0.8144000000000001
0.8016000000000001
0.8240000000000002
0.8128000000000002
0.8208000000000004
0.7936000000000003
0.7792000000000001
0.7792000000000001
0.7904000000000002
0.8160000000000001
0.8223999999999998
0.8208000000000003
0.8416000000000002
0.8384000000000001
0.8256000000000003
0.8079999999999999
0.7936
0.7759999999999999
0.7536000000000002
0.72
0.7504
0.7616
0.7296000000000004
0.792
0.8224000000000002
0.8048000000000002
0.792
0.8
0.7936000000000001
0.7984
0.7872000000000001
0.7792000000000001
0.8208
0.7952000000000002
0.7744000000000003
0.8256
0.7935999999999999
0.8320000000000002
0.816
0.7984
0.8432000000000004
0.8240000000000001
0.8160000000000001
0.8192
0.8448
0.8368000000000001
0.8336
0.8224000000000001
0.8752000000000002
0.8543999999999999
0.8640000000000001
0.8432000000000002
0.8352000000000003
0.8240000000000001
0.8304
0.8304
0.8400000000000003
0.7856000000000001
0.8208
0.8079999999999999
0.7984000000000002
0.824
0.7920000000000001
0.784
0.7424000000000001
0.7504000000000002
0.704
0.7232000000000001
0.7360000000000001
0.7664000000000002
0.7472000000000003
0.7648000000000001
0.7696000000000002
0.8079999999999999
0.7504000000000001
0.7295999999999999
0.7312000000000001
0.7807999999999999
0.7664
0.792
0.8032
0.7856000000000001
0.8223999999999999
0.7968000000000001
0.8048000000000001
0.7936000000000001
0.7936000000000001
0.8016000000000004
0.7808000000000002
0.7904000000000001
0.7744
0.7615999999999999
0.7663999999999999
0.7376000000000001
0.736
0.7504
0.6944000000000001
0.7296
0.752
0.7440000000000001
0.7696
0.7632000000000001
0.7456
0.7920000000000003
0.8288000000000002
0.7424000000000001
0.8080000000000002
0.8144000000000002
0.8144000000000002
0.7936
0.8032000000000002
0.8144000000000001
0.8080000000000002
0.8031999999999999
0.7920000000000001
0.8032
0.7904000000000001
0.8112000000000001
0.8464
0.848
0.8528
0.8336
0.8320000000000003
0.8032
0.8176000000000002
0.7792000000000001
0.7615999999999999
0.792
0.8031999999999999
0.8128000000000003
0.7936
0.8032
0.7552000000000001
0.7632000000000001
0.7616
0.7824000000000002
0.8064000000000001
0.8144
0.7984
0.7888
0.8256000000000001
0.7792
0.8064000000000001
0.8496000000000002
0.8592000000000002
0.8320000000000001
0.8688000000000002
0.8640000000000002
0.8624
0.8528000000000003
0.8624000000000004
0.8336000000000001
0.8240000000000001
0.8176000000000003
0.8112
0.8192000000000002
0.8288000000000001
0.8367999999999999
0.8112000000000001
0.7904000000000001
0.8016
0.7936000000000001
0.8144
0.792
0.8016
0.8128000000000002
0.8336000000000001
0.8480000000000003
0.8272000000000003
0.8384
0.8048000000000002
0.8016000000000001
0.7744000000000001
0.7472000000000001
0.7824000000000002
0.7824000000000001
0.8032
0.8032
0.8064000000000001
0.8144000000000002
0.8048000000000002
0.7903999999999999
0.7760000000000001
0.7648000000000004
0.7760000000000001
0.8544000000000003
0.8144
0.7584000000000002
0.7696000000000001
0.7936000000000001
0.8128
0.8384000000000004
0.8560000000000002
0.8576000000000001
0.8656
0.8528000000000001
0.8400000000000002
0.8480000000000001
0.8592000000000002
0.8272000000000003
0.8368000000000001
0.8288000000000002
0.8192
0.7872000000000001
0.8000000000000003
0.7839999999999999
0.7424000000000001
0.7568
0.8016
0.7776000000000001
0.7584000000000002
0.7792000000000001
0.7728000000000002
0.7616
0.7616
0.7696000000000001
0.7136000000000002
0.7952000000000001
0.784
0.784
0.7631999999999999
0.7440000000000001
0.8112000000000001
0.7695999999999998
0.7984
0.8224000000000002
0.8464000000000002
0.8224000000000002
0.8304
0.8416000000000001
0.8448000000000002
0.8288000000000001
0.8512000000000002
0.8128
0.8192000000000002
0.8384000000000001
0.8512000000000002
0.8416000000000002
0.8112000000000001
0.8240000000000002
0.8208
0.8320000000000001
0.8432000000000001
0.8432000000000001
0.8128000000000002
0.8128000000000002
0.8256000000000001
0.8416000000000001
0.8672000000000001
0.8720000000000002
0.8432000000000002
0.8496000000000002
0.8496000000000001
0.8496000000000002
0.8496000000000001
0.8288000000000001
0.8384000000000001
0.7968000000000001
0.7984
0.7440000000000001
0.7600000000000002
0.7472000000000001
0.7664000000000002
0.7791999999999999
0.7776000000000002
0.7856000000000002
0.7680000000000002
0.7712000000000002
0.7648
0.7744
0.7904000000000001
0.7952000000000002
0.7600000000000001
0.7584000000000001
0.7664000000000002
0.7248
0.7120000000000003
0.7488000000000002
0.7248000000000002
0.7664
0.7504000000000002
0.7296000000000002
0.7744000000000003
0.7456000000000002
0.7936
0.8128000000000003
0.8191999999999999
0.8256
0.8416000000000002
0.8192000000000002
0.8079999999999999
0.7552000000000002
0.7839999999999999
0.7440000000000001
0.7216
0.6944
0.7728
0.7744000000000001
0.7616
0.7328
0.7088000000000001
0.7248
0.7360000000000001
0.7632000000000001
0.7856000000000001
0.7536
0.7392000000000002
0.8064000000000001
0.7984000000000002
0.7760000000000001
0.8032000000000002
0.792
0.8
0.8496000000000002
0.8304
0.8224000000000002
0.8288000000000001
0.8448
0.8304000000000002
0.816
0.8272000000000003
0.7968
0.7856000000000002
0.7999999999999998
0.7984
0.8336000000000001
0.8096000000000002
0.816
0.8016000000000004
0.8336000000000001
0.8176000000000002
0.8560000000000001
0.8096000000000001
0.8160000000000001
0.8224000000000001
0.8304
0.8512000000000002
0.8271999999999999
0.8400000000000002
0.8416000000000002
0.84
0.8144000000000002
0.8000000000000002
0.8255999999999999
0.8336000000000002
0.8144000000000001
0.8192
0.7856000000000003
0.7552000000000001
0.7488000000000001
0.7488000000000001
0.7424000000000001
0.7664000000000002
0.728
0.728
0.6992000000000002
0.7776000000000003
0.7647999999999999
0.7360000000000001
0.7984000000000002
0.816
0.7680000000000001
0.7888
0.7728000000000003
0.7888000000000003
0.7632000000000001
0.7952000000000001
0.784
0.7984000000000002
0.7615999999999999
0.7808000000000002
0.7648
0.7792000000000001
0.8112000000000001
0.7824000000000002
0.7904000000000001
0.792
0.7824000000000001
0.7872000000000001
0.7808000000000003
0.7968
0.7680000000000002
0.7216000000000001
0.6944
0.7472000000000001
0.7664000000000002
0.8256000000000003
0.8000000000000003
0.8128
0.8128000000000002
0.8256000000000001
0.8240000000000003
0.8256
0.8240000000000003
0.8528
0.8208000000000003
0.792
0.8160000000000001
0.8256000000000001
0.7904000000000001
0.8032
0.7728000000000003
0.7552000000000001
0.7824
0.7568000000000003
0.7344000000000002
0.7647999999999999
0.7904000000000002
0.7616
0.7568
0.8048000000000002
0.7487999999999999
0.7808000000000002
0.8256000000000003
0.8192000000000002
0.8272000000000002
0.8256000000000001
0.8176000000000002
0.8079999999999999
0.7344000000000002
0.7632000000000001
0.7872000000000001
0.8112
0.7984
0.7984
0.7919999999999999
0.8096000000000002
0.7984
0.8304000000000002
0.8064000000000003
0.8128000000000002
0.7744
0.7728000000000002
0.7920000000000001
0.728
0.7439999999999999
0.7888
0.7712
0.7839999999999999
0.7760000000000001
0.7696000000000002
0.7776
0.7727999999999998
0.7744
0.7568
0.7392
0.7504000000000002
0.7552000000000001
0.7776000000000001
0.7552
0.7392000000000003
0.7344000000000003
0.7680000000000001
0.8144000000000005
0.7888000000000003
0.8096000000000001
0.8383999999999999
0.8032
0.8384000000000004
0.8576000000000004
0.8128
0.8
0.7776000000000002
0.7408000000000001
0.7088000000000001
0.6864
0.7631999999999999
0.7712000000000002
0.7776000000000002
0.8112000000000004
0.8432000000000001
0.8704000000000002
0.8496000000000001
0.8416
0.8208
0.8128000000000002
0.8000000000000002
0.7632000000000001
0.752
0.7088000000000001
0.7360000000000001
0.7072000000000002
0.6896
0.6880000000000002
0.672
0.672
0.6592
0.7184000000000001
0.7200000000000003
0.7167999999999999
0.6768000000000002
0.6560000000000001
0.6352
0.6688
0.6432000000000002
0.6992000000000002
0.7007999999999999
0.7008
0.6720000000000002
0.6639999999999999
0.7023999999999999
0.7184
0.7536000000000002
0.7824000000000001
0.8256000000000001
0.8400000000000003
0.8288
0.8160000000000001
0.8272000000000002
0.8016000000000001
0.7696000000000001
0.76
0.7664
0.752
0.7456000000000003
0.7904000000000002
0.7616
0.7488000000000002
0.7680000000000001
0.7312000000000001
0.7600000000000002
0.7632000000000001
0.7680000000000001
0.7968000000000001
0.8176000000000003
0.7792000000000001
0.7552
0.76
0.7376000000000001
0.7264000000000003
0.7568
0.7424000000000001
0.7792
0.7456
0.7616
0.7616
0.7648
0.7599999999999999
0.7648
0.8016
0.8000000000000003
0.8016000000000001
0.7855999999999999
0.7760000000000001
0.7936000000000003
0.76
0.7712000000000002
0.7552000000000001
0.7807999999999999
0.8016000000000002
0.7728
0.7856000000000002
0.7568
0.7232000000000002
0.7536
0.728
0.7264000000000003
0.7168000000000001
0.7568000000000003
0.7168000000000001
0.7343999999999999
0.7600000000000001
0.7696000000000001
0.7136
0.7904000000000001
0.7952000000000002
0.8352
0.8544000000000003
0.8576000000000001
0.8432000000000001
0.8064000000000001
0.8144000000000001
0.7584000000000001
0.7584000000000002
0.7696
0.7824000000000001
0.8096
0.7856000000000001
0.8064000000000001
0.7968000000000001
0.8271999999999999
0.8192
0.7696000000000001
0.8176000000000001
0.8176000000000001
0.8271999999999999
0.8351999999999999
0.8367999999999999
0.8144000000000001
0.8384000000000001
0.8288000000000001
0.8160000000000003
0.7776000000000001
0.7759999999999999
0.7856000000000003
0.8016000000000001
0.8432000000000001
0.8080000000000002
0.8256
0.8240000000000001
0.8432000000000002
0.8496000000000001
0.8272000000000002
0.8208000000000004
0.8352
0.8288000000000002
0.8064000000000001
0.8192
0.8224000000000002
0.8127999999999999
0.8016000000000001
0.7856000000000002
0.8080000000000002
0.8256000000000001
0.8400000000000002
0.8320000000000002
0.8112
0.8112000000000001
0.8048000000000002
0.8128000000000002
0.8272000000000002
0.8064000000000003
0.816
0.8192
0.8144000000000001
0.848
0.8288000000000002
0.8176000000000001
0.8240000000000002
0.7968000000000002
0.8032
0.792
0.7824000000000001
0.7584000000000001
0.768
0.7712
0.8096000000000002
0.7904000000000003
0.8128
0.7952000000000001
0.7888000000000003
0.7760000000000001
0.7760000000000002
0.7984
0.7888
0.7552000000000002
0.7840000000000004
0.7456
0.8048000000000002
0.8048000000000001
0.8000000000000002
0.8336000000000002
0.8240000000000001
0.8240000000000001
0.8112
0.8048000000000001
0.8080000000000003
0.7936000000000001
0.7936000000000003
0.7712000000000002
0.7824000000000001
0.7968000000000002
0.7968
0.7744
0.7424
0.7728
0.8
0.8368000000000001
0.8192
0.8096000000000001
0.8192000000000002
0.8048000000000003
0.8032000000000004
0.7504000000000001
0.7632000000000002
0.7104
0.7280000000000001
0.7535999999999998
0.7439999999999999
